2008_000033 0.010 9.6 154.0 480.2 281.3
2008_000037 0.546 13.0 49.0 439.6 380.6
2008_000037 0.049 176.1 62.9 285.7 127.0
2008_000037 0.012 162.1 63.3 358.7 368.7
2008_000105 0.094 88.9 24.0 506.8 266.0
2008_000109 0.013 141.9 3.6 210.7 56.7
2008_000128 1.000 129.9 232.6 341.7 353.3
2008_000128 0.075 265.3 211.2 346.4 328.9
2008_000128 0.013 129.5 271.4 264.7 495.5
2008_000128 0.013 137.4 216.9 219.0 333.8
2008_000128 0.011 167.9 222.1 476.8 344.1
2008_000132 0.051 417.9 173.8 496.5 272.2
2008_000132 0.022 108.0 108.9 165.5 175.7
2008_000189 0.014 -4.5 23.2 511.8 355.1
2008_000202 0.160 347.6 154.2 415.7 245.6
2008_000202 0.013 337.2 97.0 460.6 273.6
2008_000202 0.012 338.1 118.3 396.1 237.4
2008_000202 0.011 77.2 120.2 239.8 247.4
2008_000217 0.049 71.0 86.6 429.1 322.8
2008_000217 0.026 3.1 285.5 43.6 334.9
2008_000262 0.035 18.8 23.9 511.4 253.2
2008_000284 0.015 110.4 343.0 163.2 434.6
2008_000315 0.011 149.2 172.0 221.3 242.7
2008_000316 0.023 450.5 150.4 501.8 217.9
2008_000335 0.024 93.6 211.8 157.2 284.8
2008_000335 0.016 390.6 107.3 428.1 148.9
2008_000335 0.013 362.6 92.1 417.4 151.4
2008_000335 0.013 265.3 109.2 302.8 149.9
2008_000335 0.010 395.7 88.0 423.4 128.1
2008_000338 0.951 143.9 200.0 317.9 445.5
2008_000338 0.115 146.8 183.5 303.0 319.5
2008_000338 0.022 84.8 308.1 241.5 455.9
2008_000338 0.019 153.7 282.2 259.0 447.7
2008_000338 0.018 116.4 217.3 219.6 449.5
2008_000338 0.012 141.4 153.0 324.2 259.0
2008_000348 0.021 212.4 71.5 257.4 110.5
2008_000371 0.298 10.8 174.4 247.1 331.2
2008_000393 0.024 0.8 133.6 100.3 233.6
2008_000421 0.015 240.2 245.1 255.1 281.1
2008_000443 0.210 100.8 127.2 133.8 173.3
2008_000443 0.018 3.9 270.2 41.3 304.2
2008_000443 0.015 109.9 138.8 131.3 166.5
2008_000448 0.013 79.0 83.1 359.2 303.1
2008_000491 0.114 16.9 284.7 256.8 375.1
2008_000491 0.086 8.0 288.9 120.9 374.5
2008_000491 0.051 59.8 300.1 159.7 377.5
2008_000491 0.014 6.3 292.8 150.4 458.2
2008_000491 0.014 87.4 264.6 377.7 359.5
2008_000491 0.012 37.0 188.0 316.9 370.7
2008_000505 0.036 96.9 113.5 267.0 260.3
2008_000514 0.066 195.5 80.2 450.4 287.7
2008_000514 0.030 348.2 130.8 424.4 193.1
2008_000514 0.023 327.5 89.0 450.5 208.4
2008_000514 0.021 378.6 110.6 445.3 137.2
2008_000514 0.011 347.3 105.4 476.7 157.7
2008_000552 0.919 120.7 168.6 203.0 234.5
2008_000552 0.040 133.2 166.1 177.6 215.0
2008_000552 0.034 158.9 173.3 198.7 232.4
2008_000552 0.014 121.8 177.9 164.0 229.7
2008_000552 0.012 450.0 265.3 496.1 302.3
2008_000552 0.011 371.2 216.1 504.8 376.9
2008_000583 0.012 303.8 156.0 367.8 242.1
2008_000613 0.012 17.7 55.1 301.6 472.8
2008_000646 0.025 93.0 163.4 192.5 393.8
2008_000721 0.029 6.7 83.0 177.6 200.1
2008_000775 0.016 55.1 32.1 345.6 492.8
2008_000778 0.011 284.5 258.6 393.2 332.2
2008_000787 0.085 5.9 153.1 237.0 499.9
2008_000787 0.017 84.9 141.5 246.8 359.0
2008_000814 0.018 166.9 40.5 277.7 187.9
2008_000814 0.014 45.0 9.9 113.3 180.1
2008_000829 0.025 241.0 140.5 451.6 365.1
2008_000832 0.696 306.7 73.0 467.6 348.2
2008_000832 0.616 6.9 47.2 263.1 338.8
2008_000870 0.469 4.1 56.8 393.5 326.4
2008_000870 0.218 384.9 81.0 452.8 202.7
2008_000870 0.100 297.2 41.2 430.8 202.6
2008_000870 0.020 19.0 144.8 300.5 306.4
2008_000881 0.026 192.2 367.5 216.7 392.8
2008_000881 0.024 177.6 336.5 208.7 389.8
2008_000881 0.020 194.2 351.7 220.5 388.0
2008_000881 0.020 109.8 319.2 153.8 380.0
2008_000881 0.017 207.7 350.4 234.7 388.8
2008_000881 0.015 201.3 364.2 226.5 393.4
2008_000881 0.015 180.0 359.8 210.2 397.1
2008_000881 0.011 180.9 332.3 233.1 396.6
2008_000887 0.280 139.7 131.1 315.1 252.7
2008_000899 0.063 431.4 143.5 495.7 251.8
2008_000899 0.013 457.1 152.0 510.9 246.2
2008_000905 0.062 244.5 280.3 349.0 343.2
2008_000915 0.036 364.8 211.9 419.0 268.7
2008_000915 0.017 389.0 191.6 424.5 271.7
2008_000915 0.016 346.1 235.6 407.3 269.4
2008_000979 0.149 366.8 146.1 505.0 345.9
2008_000979 0.126 364.3 258.8 502.1 353.6
2008_000979 0.014 311.3 282.2 509.0 377.3
2008_000979 0.012 239.9 255.9 483.8 352.2
2008_000979 0.011 373.7 251.7 463.4 326.7
2008_000979 0.011 355.3 260.2 646.5 342.6
2008_000985 0.012 74.4 273.9 167.9 325.6
2008_001021 0.028 250.0 281.4 309.4 327.0
2008_001036 0.057 104.7 207.6 265.3 376.2
2008_001036 0.022 190.2 319.8 324.4 373.4
2008_001036 0.015 142.5 263.4 324.8 376.1
2008_001047 0.043 7.2 71.3 382.8 474.4
2008_001057 0.015 159.9 45.9 334.8 320.5
2008_001106 0.014 24.2 54.5 310.7 204.7
2008_001115 0.013 11.1 85.7 310.0 494.5
2008_001134 0.021 312.9 375.4 332.9 448.2
2008_001202 0.042 248.1 288.2 302.2 348.3
2008_001202 0.016 273.5 291.7 304.5 344.3
2008_001206 0.999 112.0 272.1 206.2 343.2
2008_001206 0.065 110.7 278.4 148.1 333.4
2008_001206 0.034 160.6 287.7 202.4 341.5
2008_001206 0.033 113.8 273.1 172.7 323.4
2008_001206 0.018 58.7 275.3 147.4 335.2
2008_001206 0.013 123.6 287.7 195.0 328.7
2008_001206 0.012 5.8 278.0 117.2 330.8
2008_001206 0.011 150.4 262.2 226.7 341.3
2008_001235 0.985 -8.4 24.3 484.7 285.8
2008_001235 0.056 203.5 74.5 459.3 271.1
2008_001235 0.014 353.7 138.7 475.3 265.2
2008_001245 0.996 218.4 157.2 350.7 267.0
2008_001245 0.022 216.1 198.7 289.7 265.8
2008_001245 0.014 208.7 161.6 265.9 263.8
2008_001299 0.040 3.8 7.7 369.0 506.3
2008_001310 0.010 153.3 132.2 190.4 175.8
2008_001405 0.016 104.4 246.4 143.5 292.2
2008_001405 0.014 296.1 173.8 333.2 252.4
2008_001444 0.017 73.1 465.3 117.0 497.8
2008_001446 0.010 46.4 2.5 324.8 487.7
2008_001479 0.058 319.7 293.0 378.2 336.3
2008_001479 0.016 275.0 289.0 434.1 334.3
2008_001488 0.020 296.8 103.1 337.7 156.5
2008_001495 0.011 224.4 104.2 498.2 384.6
2008_001510 0.999 71.3 34.4 470.7 262.5
2008_001510 0.959 16.0 22.2 236.9 183.5
2008_001510 0.889 110.7 21.0 361.7 164.4
2008_001510 0.069 210.6 100.6 253.8 136.0
2008_001510 0.036 2.4 62.8 148.6 193.7
2008_001510 0.030 222.7 89.3 266.1 127.8
2008_001510 0.027 85.7 68.6 256.4 176.1
2008_001510 0.023 183.8 105.7 256.1 150.5
2008_001510 0.018 198.7 115.1 243.5 144.4
2008_001510 0.017 208.2 87.8 281.8 145.6
2008_001510 0.014 402.8 30.3 502.4 218.9
2008_001510 0.013 167.8 117.6 245.4 164.4
2008_001510 0.013 89.3 70.1 158.8 196.5
2008_001510 0.012 65.3 83.3 189.7 170.1
2008_001510 0.012 78.3 106.0 307.6 254.7
2008_001510 0.011 91.9 108.5 210.1 186.0
2008_001582 0.011 77.5 69.0 415.2 310.6
2008_001591 0.012 337.0 247.5 487.3 367.8
2008_001609 0.056 7.4 102.5 474.1 358.0
2008_001699 0.132 186.8 206.0 257.0 266.2
2008_001699 0.033 175.4 227.5 228.8 264.3
2008_001704 0.011 211.6 76.2 507.3 368.2
2008_001737 0.135 28.0 258.4 81.6 319.0
2008_001737 0.014 21.7 271.6 101.5 335.2
2008_001737 0.014 1.3 251.5 23.8 313.8
2008_001744 0.147 47.1 24.3 383.2 345.7
2008_001758 0.083 452.8 294.4 498.8 354.2
2008_001781 0.014 72.1 249.2 117.2 307.3
2008_001783 0.013 163.5 182.1 221.3 231.3
2008_001783 0.012 181.3 193.1 204.7 220.7
2008_001860 0.013 151.5 172.3 320.8 291.0
2008_001866 0.010 413.4 75.4 500.4 295.1
2008_001882 0.011 116.0 272.6 144.9 320.1
2008_001894 0.019 237.6 197.5 334.2 269.8
2008_001894 0.010 273.2 214.0 333.4 263.3
2008_001896 0.807 291.4 182.4 360.6 244.6
2008_001896 0.430 200.3 174.1 264.1 225.5
2008_001896 0.051 284.8 184.0 319.5 233.2
2008_001896 0.021 245.1 178.0 322.0 238.2
2008_001896 0.010 295.8 181.6 328.1 207.8
2008_001896 0.010 188.9 174.3 234.0 223.3
2008_001941 0.010 384.5 239.7 497.8 376.4
2008_002112 0.023 6.1 230.1 153.3 367.5
2008_002280 0.541 346.7 219.3 393.0 264.0
2008_002294 0.019 0.6 6.0 494.5 210.5
2008_002304 0.746 89.1 196.7 127.7 234.0
2008_002304 0.014 84.8 203.1 112.4 226.9
2008_002331 0.014 31.4 11.3 57.8 56.4
2008_002331 0.011 5.5 -3.4 58.0 70.4
2008_002335 0.019 267.4 199.3 446.6 363.2
2008_002335 0.013 121.0 290.3 222.7 371.6
2008_002344 0.115 72.8 35.5 413.4 309.0
2008_002344 0.051 324.8 108.5 361.9 152.5
2008_002344 0.016 201.9 118.1 336.1 214.8
2008_002344 0.012 230.3 88.8 367.4 199.9
2008_002357 0.395 254.0 24.7 468.5 316.6
2008_002357 0.067 252.4 69.8 349.9 313.0
2008_002362 0.019 192.6 288.7 242.2 310.5
2008_002377 0.019 22.9 85.3 433.2 237.6
2008_002442 0.814 214.8 228.6 263.0 302.4
2008_002442 0.470 5.9 303.2 89.4 470.1
2008_002442 0.286 25.2 243.1 105.3 336.5
2008_002442 0.203 204.5 207.6 253.9 285.5
2008_002442 0.188 7.3 286.7 94.0 373.0
2008_002442 0.078 216.3 232.2 238.4 288.4
2008_002442 0.068 212.1 220.1 244.6 271.6
2008_002442 0.032 22.2 290.0 129.5 416.5
2008_002442 0.032 9.5 213.3 103.5 384.8
2008_002442 0.029 220.9 253.8 244.8 288.5
2008_002442 0.025 41.0 277.7 116.2 362.3
2008_002442 0.024 224.0 248.6 253.6 300.0
2008_002442 0.021 3.3 245.0 73.5 358.7
2008_002442 0.018 44.4 225.8 116.3 308.3
2008_002459 0.029 203.2 219.8 259.0 279.4
2008_002459 0.013 181.5 216.1 236.8 283.2
2008_002471 0.041 352.5 260.8 386.7 306.7
2008_002471 0.028 338.2 258.7 369.1 306.1
2008_002471 0.023 279.7 175.1 451.4 341.7
2008_002471 0.022 328.4 253.3 355.2 297.0
2008_002471 0.011 317.9 246.9 370.5 302.8
2008_002473 0.022 13.6 149.8 487.9 325.4
2008_002506 0.722 306.3 60.5 456.8 317.4
2008_002506 0.433 207.6 49.1 351.0 321.6
2008_002506 0.350 30.3 91.8 157.2 326.6
2008_002506 0.251 71.8 45.6 234.4 334.4
2008_002506 0.038 143.3 74.1 241.4 310.2
2008_002506 0.022 376.7 135.2 494.1 315.2
2008_002506 0.015 333.5 171.3 465.1 308.6
2008_002506 0.010 405.3 145.2 473.8 273.6
2008_002574 0.022 36.7 0.9 104.0 43.2
2008_002578 0.053 126.8 124.2 262.9 277.5
2008_002634 0.082 51.1 127.5 324.9 484.0
2008_002634 0.077 104.5 86.6 286.2 293.9
2008_002641 0.865 183.3 139.3 450.6 225.4
2008_002641 0.125 286.1 167.2 351.7 224.0
2008_002641 0.054 263.4 175.0 447.0 224.8
2008_002641 0.047 217.8 110.0 368.4 211.1
2008_002641 0.043 218.3 104.4 279.1 167.3
2008_002641 0.033 192.1 161.1 345.5 218.1
2008_002641 0.013 221.1 103.1 256.1 145.1
2008_002641 0.010 237.0 114.3 286.8 145.4
2008_002641 0.010 338.8 161.1 456.8 220.3
2008_002649 0.578 106.1 50.2 233.8 387.1
2008_002650 0.016 243.8 215.9 474.7 317.4
2008_002665 0.189 450.9 218.1 499.4 258.2
2008_002665 0.023 463.5 231.1 495.5 257.5
2008_002665 0.012 430.1 207.3 486.4 264.5
2008_002712 0.012 7.7 172.6 152.7 288.6
2008_002712 0.011 150.9 147.0 410.6 233.7
2008_002854 0.027 93.0 275.7 139.8 343.1
2008_002854 0.026 243.2 262.7 287.3 310.2
2008_002854 0.016 239.0 241.4 301.8 317.1
2008_002917 0.045 299.7 213.4 381.8 268.7
2008_002943 0.069 42.7 95.2 296.4 455.2
2008_002943 0.021 58.1 229.5 241.7 478.5
2008_002951 0.031 155.0 163.6 215.4 275.5
2008_002951 0.015 38.1 164.0 91.5 199.0
2008_002951 0.010 20.2 154.4 44.4 193.6
2008_002972 0.135 218.8 178.6 283.3 232.0
2008_002993 0.676 109.1 53.9 483.4 374.9
2008_002993 0.014 190.9 10.9 320.0 123.8
2008_003013 0.014 323.2 5.5 402.0 74.2
2008_003015 0.076 373.9 118.6 497.1 281.9
2008_003015 0.014 358.0 151.7 432.1 288.3
2008_003015 0.010 3.9 180.5 90.9 231.4
2008_003023 0.062 55.3 16.8 493.1 384.5
2008_003043 0.032 410.4 185.6 467.5 244.5
2008_003043 0.010 398.2 210.3 467.5 277.3
2008_003049 0.311 258.0 143.2 393.7 265.7
2008_003049 0.027 405.9 165.8 478.8 255.3
2008_003049 0.015 324.0 159.5 395.1 265.2
2008_003049 0.012 437.4 156.5 497.1 263.4
2008_003049 0.012 288.3 111.1 485.8 264.6
2008_003049 0.011 386.6 163.5 448.5 261.5
2008_003049 0.011 149.3 163.3 352.2 274.2
2008_003049 0.011 219.2 114.6 254.5 166.8
2008_003057 0.015 253.3 163.3 335.0 310.0
2008_003057 0.010 246.7 169.4 332.3 238.8
2008_003083 0.013 363.1 93.0 401.3 129.9
2008_003094 0.022 103.4 217.3 167.9 265.0
2008_003160 0.020 108.6 193.0 154.4 238.3
2008_003203 0.014 210.1 227.2 266.6 276.2
2008_003252 0.463 36.9 36.8 457.6 319.7
2008_003264 0.015 255.5 199.5 425.7 368.9
2008_003264 0.012 279.8 343.7 326.9 374.1
2008_003269 0.013 303.0 175.5 340.7 204.1
2008_003287 0.018 82.8 120.2 250.6 237.3
2008_003347 0.032 14.5 74.6 332.2 317.0
2008_003380 0.013 172.1 210.8 197.3 251.4
2008_003386 0.011 144.0 302.6 248.8 343.2
2008_003406 0.023 43.5 22.2 307.9 460.2
2008_003430 0.026 56.9 93.5 190.9 473.9
2008_003452 0.016 476.2 212.0 497.8 254.1
2008_003462 0.348 17.2 82.6 386.3 353.3
2008_003462 0.035 109.3 101.4 342.2 186.5
2008_003462 0.013 190.0 116.1 279.2 189.5
2008_003462 0.010 252.3 245.4 296.3 286.2
2008_003463 0.023 15.1 128.9 472.5 259.4
2008_003496 0.014 411.1 189.4 451.4 206.7
2008_003496 0.010 428.5 187.7 463.3 206.9
2008_003500 0.051 220.8 124.2 401.1 247.1
2008_003500 0.013 2.8 97.5 30.3 159.4
2008_003544 0.991 103.3 159.4 358.5 306.5
2008_003544 0.030 89.6 86.9 253.6 294.5
2008_003544 0.020 258.4 172.4 298.9 213.6
2008_003544 0.010 122.0 248.9 281.2 306.2
2008_003579 0.014 62.5 216.4 117.9 284.4
2008_003611 0.996 67.8 166.1 400.6 354.5
2008_003611 0.037 446.9 129.3 479.9 176.4
2008_003611 0.024 82.7 208.9 158.4 318.9
2008_003611 0.021 109.1 144.5 285.4 317.7
2008_003611 0.020 76.8 170.2 199.0 333.6
2008_003611 0.015 25.5 169.8 139.0 339.6
2008_003611 0.014 70.4 181.1 135.1 304.1
2008_003611 0.013 84.9 166.9 158.7 277.5
2008_003611 0.012 37.8 203.3 98.1 329.3
2008_003611 0.011 168.1 99.1 329.3 340.6
2008_003629 0.860 114.7 134.3 316.8 272.0
2008_003635 0.029 76.8 62.1 245.2 249.2
2008_003659 0.030 302.2 147.4 363.0 220.5
2008_003685 0.034 152.9 231.1 178.4 294.7
2008_003732 0.082 188.6 82.1 223.5 123.2
2008_003732 0.031 107.2 198.4 336.1 372.4
2008_003732 0.024 185.0 92.0 206.6 117.2
2008_003732 0.012 190.0 71.4 207.8 119.1
2008_003746 0.994 128.4 186.4 385.6 382.4
2008_003746 0.068 258.6 161.0 386.3 360.2
2008_003746 0.037 179.9 191.0 272.8 273.3
2008_003746 0.034 158.0 248.0 307.5 380.4
2008_003746 0.026 301.4 216.0 382.2 350.9
2008_003746 0.024 242.3 190.8 298.0 258.4
2008_003746 0.014 332.9 291.1 377.5 348.8
2008_003746 0.011 177.2 183.3 312.7 317.7
2008_003769 0.015 12.4 37.5 163.1 362.8
2008_003781 0.029 62.2 52.1 301.9 482.0
2008_003796 0.012 134.5 218.8 168.2 292.0
2008_003842 0.011 375.9 2.5 417.1 42.5
2008_003847 0.012 123.7 125.2 193.9 203.2
2008_003908 0.010 282.1 72.8 322.1 114.5
2008_003942 0.012 324.0 190.6 402.6 276.4
2008_003974 0.039 252.2 10.7 503.4 363.0
2008_003975 0.019 206.7 247.4 224.2 298.8
2008_003992 0.016 211.1 223.4 248.0 254.9
2008_003998 0.012 369.3 170.3 449.3 211.7
2008_004008 0.052 5.8 279.5 34.6 319.5
2008_004022 0.035 46.8 5.8 437.3 369.3
2008_004053 0.073 140.8 235.5 199.9 295.9
2008_004053 0.013 121.1 186.6 471.6 293.3
2008_004165 0.988 20.6 68.3 431.3 355.0
2008_004165 0.036 192.4 118.7 450.6 344.9
2008_004165 0.014 1.5 166.2 130.6 361.5
2008_004176 0.020 40.4 249.1 193.8 351.8
2008_004196 0.943 16.3 80.5 481.7 302.8
2008_004196 0.015 193.6 185.9 265.4 246.3
2008_004201 0.014 4.1 106.1 33.8 147.6
2008_004321 0.012 84.2 48.9 402.0 367.9
2008_004376 0.025 0.9 267.3 39.4 331.9
2008_004376 0.010 8.0 9.5 182.2 359.4
2008_004387 0.013 340.5 314.9 404.3 376.5
2008_004387 0.013 311.4 288.9 372.8 344.6
2008_004403 0.821 152.9 38.0 464.8 313.1
2008_004403 0.157 291.8 144.6 506.4 285.1
2008_004403 0.031 363.3 187.2 503.8 288.8
2008_004403 0.020 201.0 321.6 266.6 375.2
2008_004403 0.017 186.8 192.5 315.6 297.8
2008_004403 0.017 361.7 157.3 475.2 237.5
2008_004403 0.016 400.1 163.1 493.6 264.2
2008_004403 0.015 207.6 175.2 307.5 254.0
2008_004403 0.014 204.2 198.4 495.4 297.5
2008_004403 0.013 182.7 19.0 317.4 233.3
2008_004403 0.011 269.5 225.5 501.5 364.0
2008_004403 0.011 212.2 343.3 253.8 373.2
2008_004403 0.011 338.5 216.2 452.6 284.4
2008_004403 0.011 162.8 152.6 460.8 271.4
2008_004403 0.011 207.2 298.5 498.1 375.5
2008_004403 0.011 391.0 235.1 496.4 301.1
2008_004403 0.011 184.3 225.8 271.6 310.7
2008_004403 0.011 359.0 174.3 640.9 261.7
2008_004403 0.010 166.6 192.9 291.7 369.4
2008_004411 0.038 263.8 314.1 354.8 375.5
2008_004436 0.093 17.8 -12.6 497.3 362.7
2008_004443 0.012 191.3 254.1 240.6 299.4
2008_004559 0.012 278.5 19.3 506.8 252.7
2008_004574 0.068 153.0 129.3 321.0 211.5
2008_004593 0.015 260.6 159.4 290.7 206.0
2008_004593 0.011 229.0 153.1 285.0 212.3
2008_004611 0.053 86.4 145.9 115.0 198.4
2008_004611 0.012 21.8 83.9 91.9 242.4
2008_004629 0.018 154.3 267.7 219.7 332.4
2008_004629 0.010 166.5 264.8 198.8 320.7
2008_004634 0.013 101.0 57.2 436.4 332.2
2008_004749 0.021 33.5 108.1 203.0 189.9
2008_004752 0.023 62.9 9.4 108.5 42.4
2008_004770 0.964 65.6 12.0 427.7 352.6
2008_004770 0.025 231.2 130.3 459.6 356.2
2008_004777 0.017 143.4 182.1 209.1 235.5
2008_004807 0.103 271.8 63.8 475.9 263.6
2008_004807 0.027 262.0 182.4 311.6 250.2
2008_004807 0.021 274.3 185.4 299.7 242.8
2008_004807 0.017 297.6 146.7 366.0 266.2
2008_004807 0.012 168.6 2.4 370.8 262.4
2008_004914 0.058 4.4 10.1 206.0 409.7
2008_004937 0.015 50.6 5.2 107.8 83.3
2008_004937 0.012 50.4 37.9 65.1 86.4
2008_004946 0.155 32.9 273.5 90.5 337.3
2008_004946 0.093 105.1 275.0 249.6 372.1
2008_004946 0.087 31.9 116.2 125.8 329.5
2008_004946 0.086 11.1 243.4 97.2 341.7
2008_004946 0.040 58.6 166.5 249.4 368.6
2008_004946 0.036 46.1 297.3 95.6 342.0
2008_004946 0.036 -0.4 136.8 85.2 350.7
2008_004946 0.026 139.0 291.6 314.3 377.4
2008_004946 0.023 357.1 142.0 487.8 261.3
2008_004946 0.021 132.3 299.9 213.6 381.9
2008_004946 0.021 109.7 165.9 180.2 284.3
2008_004946 0.018 -1.8 230.8 57.6 344.7
2008_004946 0.016 25.6 307.5 82.3 340.0
2008_004946 0.014 353.9 145.0 420.5 271.9
2008_004946 0.011 47.7 129.8 123.2 244.9
2008_004946 0.011 165.6 278.8 231.2 378.9
2008_004946 0.011 6.9 203.2 141.1 357.3
2008_004946 0.011 -15.5 274.2 79.2 340.4
2008_004946 0.011 83.7 326.3 214.7 407.8
2008_004961 0.012 309.6 287.7 364.7 345.3
2008_005013 0.051 107.4 367.6 162.2 457.3
2008_005013 0.044 4.5 133.9 42.8 188.7
2008_005013 0.016 0.2 152.7 40.2 211.0
2008_005016 0.993 25.8 125.3 447.5 350.8
2008_005016 0.021 86.5 32.4 188.4 248.3
2008_005016 0.015 241.8 228.9 310.5 282.1
2008_005016 0.013 47.2 86.8 263.0 284.7
2008_005016 0.013 69.1 227.4 177.0 306.2
2008_005016 0.013 96.9 131.6 378.7 258.3
2008_005016 0.011 12.6 125.3 155.3 310.9
2008_005016 0.010 62.1 195.3 125.7 320.6
2008_005033 0.014 267.0 116.9 353.4 150.7
2008_005036 0.011 102.8 71.5 178.6 168.1
2008_005042 0.885 294.3 110.2 362.9 178.9
2008_005042 0.027 265.5 93.8 346.3 183.9
2008_005042 0.013 237.4 88.2 302.4 188.7
2008_005066 0.028 328.7 7.8 400.4 60.2
2008_005071 0.977 82.8 82.9 421.5 312.7
2008_005071 0.011 95.3 81.1 260.2 281.2
2008_005082 0.017 477.8 221.5 500.2 262.8
2008_005088 0.452 41.7 14.5 484.9 337.7
2008_005088 0.094 26.2 -8.1 326.5 241.6
2008_005088 0.067 0.4 5.5 168.4 365.9
2008_005088 0.027 47.1 8.7 212.1 204.9
2008_005088 0.016 166.9 8.6 390.9 125.8
2008_005088 0.013 93.2 32.8 364.6 160.8
2008_005127 0.015 14.9 296.8 56.3 332.2
2008_005127 0.015 162.3 266.7 195.3 326.5
2008_005127 0.010 2.3 296.4 34.3 333.9
2008_005146 0.016 222.3 88.5 294.8 170.8
2008_005150 0.011 149.6 132.5 309.4 419.0
2008_005193 0.018 9.9 -8.5 306.6 474.5
2008_005218 0.014 340.1 209.3 397.1 255.3
2008_005220 0.029 33.0 -3.3 318.2 365.3
2008_005236 0.936 375.8 168.3 489.2 252.5
2008_005236 0.344 290.9 153.6 384.2 243.0
2008_005236 0.182 422.2 144.8 495.3 237.3
2008_005236 0.131 335.6 147.4 461.1 244.2
2008_005236 0.051 320.7 182.7 407.0 252.8
2008_005236 0.040 331.9 198.7 378.7 243.1
2008_005236 0.032 462.6 161.1 509.9 246.9
2008_005236 0.025 358.3 152.1 414.2 245.3
2008_005236 0.015 361.5 216.9 399.0 249.8
2008_005236 0.014 342.1 211.8 387.6 249.3
2008_005236 0.012 418.5 120.8 588.1 245.8
2008_005236 0.012 419.7 167.2 552.2 217.0
2008_005236 0.012 384.9 137.6 475.5 225.6
2008_005236 0.011 387.3 167.3 616.3 265.1
2008_005236 0.010 295.2 146.7 420.0 202.5
2008_005236 0.010 256.9 125.6 420.3 244.6
2008_005266 0.011 99.9 139.4 129.0 178.7
2008_005333 0.980 233.2 92.7 320.4 224.2
2008_005333 0.974 33.8 60.0 243.3 376.7
2008_005333 0.347 6.9 104.9 116.9 213.5
2008_005333 0.065 227.6 121.0 310.5 338.7
2008_005333 0.048 106.9 118.9 220.8 392.8
2008_005333 0.044 11.9 110.3 172.9 296.3
2008_005333 0.030 230.9 94.2 277.7 211.4
2008_005333 0.025 153.9 69.7 311.6 167.1
2008_005333 0.024 6.5 109.1 58.7 216.4
2008_005333 0.023 214.7 103.8 259.9 240.5
2008_005333 0.022 8.1 47.7 171.6 205.7
2008_005333 0.021 229.1 107.9 404.8 211.4
2008_005354 0.299 -2.2 81.5 145.9 291.7
2008_005354 0.180 332.7 137.6 371.4 175.0
2008_005354 0.071 115.5 174.9 283.9 326.0
2008_005354 0.064 4.2 150.4 266.4 333.8
2008_005354 0.052 327.2 132.3 354.4 176.1
2008_005354 0.041 343.4 130.8 366.2 167.8
2008_005354 0.039 141.0 142.7 256.5 214.8
2008_005354 0.030 312.0 124.3 363.5 173.8
2008_005354 0.029 13.1 125.2 242.1 243.7
2008_005354 0.018 103.6 185.1 203.0 259.8
2008_005354 0.013 77.3 175.5 228.5 236.7
2008_005354 0.012 352.5 134.3 373.1 169.1
2008_005354 0.012 68.5 188.5 165.7 263.5
2008_005354 0.011 47.6 97.2 401.9 293.2
2008_005386 0.014 158.6 319.5 185.8 366.1
2008_005429 0.437 -1.9 32.2 481.5 330.9
2008_005449 0.010 453.4 165.2 499.2 221.0
2008_005473 0.018 420.6 192.8 473.2 270.4
2008_005473 0.011 422.2 166.9 474.6 233.7
2008_005494 0.012 414.3 182.7 468.0 293.9
2008_005514 0.041 242.6 153.8 408.3 354.7
2008_005526 0.950 153.9 164.7 334.2 336.1
2008_005526 0.270 68.5 156.5 180.3 322.8
2008_005526 0.112 94.4 206.8 166.2 330.2
2008_005526 0.042 34.2 138.4 150.8 358.0
2008_005526 0.038 142.5 171.7 207.4 294.9
2008_005526 0.037 75.7 151.5 283.8 350.8
2008_005526 0.032 179.6 264.3 324.3 334.4
2008_005526 0.020 191.0 243.9 271.7 344.0
2008_005526 0.012 105.9 181.6 185.5 295.6
2008_005526 0.011 217.4 271.7 291.9 357.2
2008_005526 0.011 211.9 227.8 357.3 331.2
2008_005526 0.011 245.9 246.5 311.9 345.5
2008_005561 0.010 19.3 4.2 499.1 408.6
2008_005603 0.010 475.9 78.5 499.7 134.0
2008_005623 0.355 124.7 189.4 157.9 239.5
2008_005623 0.160 235.5 178.7 295.8 250.3
2008_005623 0.097 48.9 262.5 119.1 363.7
2008_005623 0.076 237.1 189.4 266.0 252.6
2008_005623 0.046 122.6 173.2 179.9 239.1
2008_005623 0.024 5.8 132.5 39.6 184.3
2008_005653 0.029 283.2 308.0 340.4 345.4
2008_005668 0.019 88.2 121.0 106.2 169.0
2008_005683 0.060 90.4 204.9 146.6 268.8
2008_005698 0.020 238.7 26.8 313.1 71.3
2008_005698 0.012 373.1 23.0 440.9 72.0
2008_005698 0.011 344.7 24.2 413.0 71.2
2008_005728 0.062 40.4 269.1 93.2 405.2
2008_005728 0.012 71.9 76.0 365.3 422.2
2008_005736 0.963 25.8 180.3 295.2 363.2
2008_005736 0.722 38.5 151.7 223.7 242.6
2008_005736 0.715 282.0 173.7 343.9 241.3
2008_005736 0.214 107.9 136.4 260.1 260.6
2008_005736 0.094 39.5 168.7 127.2 241.8
2008_005736 0.037 259.6 149.2 337.3 206.1
2008_005736 0.036 213.5 152.0 340.2 249.6
2008_005736 0.033 -4.1 131.4 200.3 217.4
2008_005736 0.033 260.6 190.1 328.9 261.2
2008_005736 0.030 283.5 185.8 315.3 237.3
2008_005736 0.029 273.6 169.6 346.6 384.3
2008_005736 0.024 198.0 173.2 297.4 302.8
2008_005736 0.024 255.9 211.1 319.9 285.2
2008_005736 0.023 234.9 218.5 320.8 338.9
2008_005736 0.022 280.6 203.1 326.8 339.1
2008_005818 0.018 57.7 226.8 90.9 263.5
2008_005843 0.054 23.0 74.4 490.4 363.8
2008_005878 0.963 23.3 94.5 428.7 356.5
2008_005878 0.451 302.8 134.4 499.4 352.5
2008_005878 0.017 369.3 210.5 498.7 340.8
2008_005878 0.014 27.1 121.1 169.1 327.5
2008_005921 1.000 75.8 58.4 449.5 323.9
2008_005921 0.024 68.7 27.9 200.0 193.5
2008_005921 0.022 84.6 58.6 297.7 165.0
2008_005921 0.020 90.2 63.3 154.3 162.8
2008_005921 0.015 168.3 62.1 402.2 162.5
2008_005921 0.015 114.8 64.1 179.7 161.8
2008_005921 0.014 154.6 93.6 261.7 176.1
2008_005921 0.013 24.8 15.1 141.6 190.5
2008_005921 0.012 66.2 51.9 121.2 160.4
2008_005921 0.012 140.2 89.6 423.4 219.6
2008_005921 0.011 138.6 70.8 210.5 160.9
2008_005923 0.061 184.0 162.3 339.0 233.8
2008_005926 0.904 28.3 47.4 339.8 318.8
2008_005926 0.028 209.6 86.5 364.5 254.4
2008_005926 0.016 270.0 113.7 361.9 221.1
2008_005945 0.158 190.6 407.6 241.9 459.1
2008_005972 0.023 1.6 13.3 166.9 280.7
2008_006049 0.023 164.4 54.8 389.4 249.5
2008_006070 0.041 162.3 8.1 371.5 500.8
2008_006090 0.152 384.0 163.6 495.1 382.8
2008_006090 0.047 428.9 218.3 500.6 374.2
2008_006090 0.021 421.3 227.1 577.6 370.0
2008_006090 0.018 290.1 219.2 333.9 256.9
2008_006090 0.015 457.8 230.4 511.4 360.3
2008_006090 0.014 194.0 194.3 236.4 236.0
2008_006096 0.019 48.7 199.5 81.8 259.0
2008_006111 0.023 186.1 76.9 496.9 380.9
2008_006136 0.977 22.2 112.7 481.5 287.6
2008_006220 0.011 112.6 8.9 472.2 297.6
2008_006234 0.013 315.1 230.9 418.5 297.7
2008_006250 0.131 283.4 253.5 347.0 318.2
2008_006257 0.050 168.4 194.9 214.0 228.8
2008_006257 0.015 55.2 267.8 245.4 391.4
2008_006257 0.012 169.9 219.2 259.6 400.2
2008_006294 0.166 134.2 110.7 252.9 246.6
2008_006300 0.030 -3.6 56.2 304.0 296.4
2008_006329 0.059 292.4 304.6 327.6 324.7
2008_006329 0.025 92.7 146.5 202.2 281.0
2008_006329 0.010 254.8 211.7 440.5 322.1
2008_006329 0.010 290.2 285.8 333.4 324.2
2008_006355 0.011 -8.2 -22.5 47.7 59.7
2008_006376 0.010 4.1 6.9 56.5 122.1
2008_006401 0.171 26.3 148.3 360.0 243.6
2008_006401 0.029 188.3 175.8 305.5 281.0
2008_006401 0.013 56.1 154.4 183.9 221.0
2008_006410 0.364 -0.1 46.5 500.8 358.6
2008_006410 0.020 20.5 -1.2 338.0 57.8
2008_006410 0.011 161.3 -7.9 410.6 60.4
2008_006427 0.023 234.4 126.9 336.4 169.0
2008_006430 0.037 191.6 110.1 240.9 148.4
2008_006474 0.053 55.4 112.5 209.9 465.3
2008_006497 0.943 80.7 29.7 427.0 361.9
2008_006549 0.164 116.5 297.8 353.9 395.0
2008_006549 0.140 35.1 292.6 365.0 451.8
2008_006549 0.020 12.3 119.9 322.8 449.6
2008_006549 0.017 221.8 286.8 381.2 403.9
2008_006564 0.047 116.9 23.7 433.0 326.4
2008_006585 0.089 347.7 179.7 385.4 215.4
2008_006585 0.043 326.4 164.9 378.5 210.0
2008_006585 0.017 305.2 181.5 377.4 224.0
2008_006585 0.013 327.7 170.3 352.5 208.4
2008_006602 0.022 76.6 403.6 127.3 497.0
2008_006619 0.039 70.9 304.6 392.8 372.6
2008_006619 0.017 239.5 325.1 422.7 373.3
2008_006619 0.012 210.0 302.7 492.7 371.9
2008_006649 0.020 59.1 108.7 417.4 317.4
2008_006650 0.065 11.1 298.8 57.7 386.0
2008_006650 0.026 85.9 327.4 145.7 405.4
2008_006657 0.016 -7.2 3.9 84.9 53.9
2008_006663 0.032 15.6 14.2 360.5 439.9
2008_006705 0.108 108.7 107.6 240.4 268.1
2008_006705 0.072 114.8 37.4 272.2 201.7
2008_006719 0.099 256.7 242.1 312.1 358.1
2008_006719 0.095 229.6 205.9 275.1 342.2
2008_006719 0.012 212.6 258.2 308.7 324.2
2008_006719 0.011 235.6 264.6 260.2 328.9
2008_006737 0.050 138.6 286.4 233.0 480.7
2008_006737 0.049 48.1 164.2 270.4 424.1
2008_006737 0.021 175.5 64.3 230.4 161.4
2008_006751 0.071 47.9 238.2 237.6 316.0
2008_006751 0.021 66.1 130.2 311.2 207.0
2008_006778 0.073 159.4 161.5 279.9 279.0
2008_006778 0.013 70.9 146.4 263.9 287.6
2008_006877 0.015 1.6 292.4 31.0 346.4
2008_006881 0.012 306.0 192.8 379.8 284.6
2008_006920 0.999 23.7 9.5 375.8 312.3
2008_006920 0.085 287.0 63.4 413.4 266.7
2008_006920 0.071 325.2 150.9 408.1 263.8
2008_006920 0.035 349.1 97.8 457.8 286.3
2008_006920 0.018 396.8 128.4 500.6 350.8
2008_006920 0.018 78.2 12.1 314.8 213.6
2008_006920 0.016 179.6 8.2 398.4 245.5
2008_006920 0.016 378.3 151.8 448.0 281.5
2008_006920 0.012 236.4 43.4 356.3 271.4
2008_006920 0.012 23.6 30.6 147.7 260.9
2008_006920 0.012 318.7 15.7 390.1 137.7
2008_006920 0.011 349.2 189.3 404.6 260.2
2008_006920 0.010 -16.6 139.1 67.4 348.8
2008_006926 0.902 21.7 164.0 225.6 446.9
2008_006936 0.038 111.6 46.3 359.3 308.9
2008_006962 0.945 57.8 9.7 463.3 370.2
2008_007003 0.164 9.4 173.4 105.9 286.5
2008_007003 0.012 -0.3 197.8 59.4 304.0
2008_007026 0.022 310.1 157.5 372.0 258.6
2008_007028 0.010 10.4 14.8 236.5 505.7
2008_007039 0.036 40.6 158.1 87.7 201.5
2008_007039 0.012 109.4 131.1 142.9 172.7
2008_007085 0.134 134.0 146.7 257.0 205.5
2008_007085 0.012 194.3 140.3 261.1 198.0
2008_007085 0.011 90.7 127.1 265.1 189.3
2008_007090 0.010 206.8 9.0 256.5 64.5
2008_007106 0.078 106.3 194.3 139.6 242.3
2008_007106 0.030 247.2 191.8 283.2 238.3
2008_007106 0.018 119.0 88.3 184.0 148.7
2008_007106 0.016 322.8 120.8 491.3 283.4
2008_007106 0.015 219.3 184.0 278.3 240.1
2008_007106 0.013 328.5 181.3 398.0 271.2
2008_007118 0.979 33.4 58.0 409.7 272.0
2008_007118 0.154 335.5 68.6 471.0 267.6
2008_007118 0.085 44.3 87.5 282.4 230.8
2008_007118 0.038 64.3 107.1 223.2 200.8
2008_007118 0.015 128.4 121.1 221.4 185.8
2008_007129 0.018 241.4 329.8 290.2 365.5
2008_007145 0.997 204.0 23.8 384.8 161.1
2008_007145 0.010 294.6 76.1 380.7 165.3
2008_007147 0.045 8.6 97.5 176.2 289.1
2008_007197 0.010 483.2 137.8 499.7 166.2
2008_007211 0.747 49.1 89.2 399.8 334.7
2008_007211 0.021 230.4 159.4 317.0 261.8
2008_007239 0.069 122.6 127.4 362.0 277.1
2008_007252 0.047 62.8 134.4 304.6 512.0
2008_007265 0.014 259.9 117.3 306.1 157.1
2008_007281 0.025 174.7 20.9 493.9 256.7
2008_007298 0.031 30.1 28.6 492.5 372.5
2008_007312 0.054 201.3 231.2 364.2 356.4
2008_007312 0.015 118.0 77.0 386.3 339.3
2008_007320 0.065 244.7 260.4 303.5 337.7
2008_007325 0.016 92.9 3.3 142.8 38.2
2008_007335 0.085 44.7 40.5 365.3 507.2
2008_007410 0.999 99.4 120.2 410.3 313.6
2008_007410 0.021 240.1 228.7 310.1 300.1
2008_007456 0.606 147.5 110.1 343.2 245.1
2008_007456 0.162 32.2 73.4 326.9 237.7
2008_007465 0.999 253.1 172.9 416.9 260.9
2008_007465 0.125 307.1 197.9 405.9 263.1
2008_007465 0.066 258.9 172.5 320.9 243.0
2008_007465 0.059 293.1 150.9 378.8 244.4
2008_007533 0.018 343.2 259.0 456.3 334.9
2008_007544 0.017 140.3 217.3 182.8 275.9
2008_007608 0.015 71.3 165.4 120.3 247.8
2008_007608 0.015 82.4 462.8 129.5 500.5
2008_007629 0.015 392.0 158.3 462.6 228.3
2008_007641 0.533 48.3 247.7 104.4 301.3
2008_007641 0.033 105.8 198.6 312.9 375.7
2008_007641 0.020 116.1 291.2 224.9 376.3
2008_007641 0.018 109.7 16.1 391.5 361.0
2008_007648 0.417 44.4 171.8 114.0 236.8
2008_007648 0.032 46.2 187.5 105.3 219.0
2008_007665 0.825 108.2 206.6 248.5 438.3
2008_007696 0.011 62.7 175.3 91.9 213.5
2008_007697 0.703 132.7 184.5 307.5 423.6
2008_007697 0.036 168.3 271.9 227.2 358.2
2008_007697 0.015 188.5 273.9 219.5 345.7
2008_007698 0.029 19.6 313.9 87.2 353.4
2008_007701 0.042 205.1 210.5 260.4 250.4
2008_007717 0.963 105.8 30.2 387.6 356.6
2008_007717 0.014 112.9 67.5 300.0 257.8
2008_007717 0.013 147.6 -0.1 459.6 196.0
2008_007724 0.025 18.6 328.1 48.6 370.5
2008_007724 0.014 313.8 319.0 358.7 377.9
2008_007724 0.011 4.9 323.6 38.6 377.6
2008_007742 0.998 66.2 37.1 470.0 340.0
2008_007742 0.026 54.2 132.0 338.6 336.5
2008_007742 0.011 63.2 119.0 210.0 311.3
2008_007742 0.011 28.6 78.5 132.0 274.2
2008_007742 0.011 76.3 36.0 192.5 249.8
2008_007829 0.722 2.3 201.1 321.6 499.9
2008_007829 0.030 9.1 74.4 230.4 441.9
2008_007829 0.013 5.8 255.6 118.3 492.9
2008_007835 0.739 328.2 130.2 475.3 357.9
2008_007837 0.628 257.7 219.5 342.6 281.4
2008_007837 0.019 271.1 222.1 330.0 256.0
2008_007837 0.016 259.9 245.0 314.2 294.2
2008_007837 0.012 295.2 234.3 350.2 276.0
2008_007883 0.042 102.4 187.4 148.1 225.7
2008_007937 0.980 3.4 96.5 456.8 406.0
2008_007937 0.421 328.4 156.7 406.7 268.7
2008_007937 0.213 148.7 95.8 397.0 247.2
2008_007937 0.050 260.2 118.4 400.6 262.0
2008_007937 0.020 305.9 93.4 466.7 279.9
2008_007937 0.015 250.5 130.1 339.8 206.2
2008_007937 0.012 242.6 74.0 394.3 213.0
2008_007937 0.011 12.2 109.3 310.3 241.3
2008_007937 0.010 269.9 142.1 326.0 194.8
2008_007950 0.011 -4.1 73.5 101.6 250.3
2008_007953 0.475 146.7 224.6 239.2 293.4
2008_007953 0.076 161.0 249.2 221.5 296.9
2008_007953 0.011 180.4 245.2 267.5 298.7
2008_007985 0.013 11.5 4.4 55.8 33.1
2008_007990 0.016 5.8 -0.6 229.2 314.9
2008_007997 0.014 419.4 229.0 485.9 284.3
2008_007999 0.024 6.8 249.2 46.7 289.3
2008_008018 0.027 131.6 14.5 454.7 372.8
2008_008070 0.012 274.3 240.9 337.4 354.7
2008_008098 0.021 6.5 129.5 52.3 195.8
2008_008152 0.023 406.7 96.0 440.1 135.3
2008_008176 0.013 60.3 66.6 444.8 337.4
2008_008193 0.918 48.4 35.3 299.6 355.5
2008_008193 0.202 157.9 96.6 296.7 346.4
2008_008193 0.154 170.0 239.6 239.4 340.0
2008_008193 0.127 92.9 198.6 276.5 353.4
2008_008193 0.067 69.8 152.0 208.3 387.3
2008_008193 0.058 299.8 141.8 418.2 364.2
2008_008193 0.030 322.4 222.0 437.6 355.7
2008_008193 0.029 141.9 225.4 214.4 324.2
2008_008193 0.028 175.8 228.1 296.9 339.4
2008_008193 0.024 120.7 227.4 187.6 334.7
2008_008193 0.022 192.0 239.7 387.7 353.3
2008_008193 0.021 73.1 267.7 216.7 371.6
2008_008193 0.017 176.3 213.9 266.0 301.7
2008_008193 0.017 344.7 119.5 453.1 379.0
2008_008193 0.017 226.3 130.6 339.9 344.6
2008_008193 0.016 94.9 200.6 158.0 308.9
2008_008193 0.014 64.4 111.4 299.4 261.3
2008_008194 0.036 421.9 35.4 475.4 60.9
2008_008199 0.011 8.5 -3.6 496.6 375.0
2008_008212 0.058 32.4 103.7 486.5 253.2
2008_008215 0.999 87.4 20.9 426.0 356.7
2008_008215 0.049 250.3 30.4 455.4 341.0
2008_008215 0.043 337.1 166.8 450.9 348.3
2008_008215 0.022 119.8 175.8 191.3 246.2
2008_008215 0.013 136.3 25.3 244.1 83.2
2008_008215 0.013 -11.1 39.9 119.8 358.9
2008_008215 0.013 -38.8 14.6 156.9 234.5
2008_008215 0.012 100.3 41.2 234.8 99.0
2008_008215 0.011 90.2 44.1 167.5 117.0
2008_008215 0.011 359.9 179.5 424.9 321.1
2008_008223 0.016 164.8 286.2 288.4 482.2
2008_008227 0.376 56.3 78.1 402.8 330.7
2008_008242 0.011 258.9 92.0 321.5 154.8
2008_008276 0.013 195.3 259.2 254.5 327.1
2008_008281 0.054 172.4 198.0 221.9 235.0
2008_008281 0.017 161.0 204.6 201.9 230.9
2008_008300 0.027 136.6 46.4 493.3 453.0
2008_008338 0.070 217.7 142.4 303.7 203.8
2008_008347 0.024 287.0 246.4 316.3 295.5
2008_008347 0.011 265.8 241.6 329.0 299.4
2008_008347 0.010 273.5 245.2 301.9 295.0
2008_008364 0.052 290.9 56.4 352.3 101.8
2008_008364 0.018 296.2 62.6 333.8 93.7
2008_008364 0.012 313.3 57.8 346.8 93.7
2008_008364 0.011 292.3 65.1 313.3 100.7
2008_008423 0.941 24.7 89.2 133.4 187.4
2008_008423 0.060 58.5 111.3 126.2 175.0
2008_008423 0.035 9.1 97.5 80.5 199.6
2008_008423 0.014 75.0 114.6 123.7 151.1
2008_008423 0.012 -1.0 96.0 44.4 207.1
2008_008431 0.976 319.4 120.4 394.2 227.2
2008_008431 0.013 351.4 144.8 379.5 215.5
2008_008447 0.014 252.3 54.1 332.5 103.5
2008_008455 0.015 436.7 250.6 486.2 295.3
2008_008462 0.976 31.4 105.2 233.2 313.0
2008_008462 0.701 175.2 175.6 265.3 296.1
2008_008462 0.645 246.3 100.7 418.6 294.2
2008_008462 0.179 118.1 138.5 250.7 292.9
2008_008462 0.078 34.5 175.2 157.4 311.4
2008_008462 0.059 210.0 175.8 288.5 282.4
2008_008462 0.041 81.3 171.5 211.2 299.9
2008_008462 0.037 271.9 176.7 401.2 292.2
2008_008462 0.037 36.7 194.3 100.5 320.0
2008_008462 0.034 141.2 184.2 229.5 288.0
2008_008462 0.032 241.0 168.4 308.6 289.7
2008_008462 0.025 69.6 222.8 162.4 309.8
2008_008487 0.081 57.8 111.4 463.5 384.6
2008_008496 0.011 425.4 201.0 497.6 261.7
2008_008511 0.014 32.9 63.2 299.0 140.8
2008_008523 0.072 135.7 113.1 186.1 164.3
2008_008523 0.019 288.4 38.1 523.7 316.4
2008_008523 0.015 5.3 38.0 210.5 323.2
2008_008533 0.035 326.6 277.9 368.9 357.5
2008_008533 0.011 346.0 289.6 394.4 369.9
2008_008541 0.033 121.3 421.6 175.0 498.3
2008_008545 0.756 56.6 205.8 274.7 498.9
2008_008590 0.838 243.3 183.4 391.8 325.5
2008_008591 0.135 5.8 7.3 493.8 357.2
2008_008601 0.042 103.2 158.4 173.0 194.1
2008_008601 0.028 433.5 178.9 480.6 217.8
2008_008623 0.338 1.2 129.7 46.2 248.9
2008_008623 0.150 285.8 157.0 420.0 329.2
2008_008623 0.066 163.0 174.9 273.5 306.7
2008_008623 0.021 472.6 165.6 498.5 223.0
2008_008623 0.020 311.7 240.9 407.0 328.5
2008_008623 0.019 -4.5 107.7 65.9 304.1
2008_008623 0.010 151.4 231.9 262.9 300.4
2008_008665 0.038 170.5 191.5 240.9 284.6
2008_008694 0.996 118.7 197.3 343.9 368.3
2008_008694 0.023 258.4 237.6 339.5 363.5
2008_008694 0.017 301.0 224.2 361.9 347.4
2008_008694 0.017 261.7 294.1 324.5 365.5
2008_008694 0.013 246.5 193.5 318.7 341.4
2008_008694 0.011 220.5 204.6 420.7 374.2
2008_008694 0.011 180.4 182.4 313.0 333.1
2008_008701 0.037 423.1 332.4 490.9 379.0
2008_008701 0.011 428.9 294.4 499.1 371.0
2008_008748 0.118 161.1 39.4 353.6 269.2
2008_008749 0.013 346.5 189.5 430.7 246.1
2008_008773 0.018 335.8 263.7 408.1 351.4
2009_000014 0.019 50.9 0.2 397.8 378.4
2009_000052 0.030 147.7 117.5 189.5 162.0
2009_000052 0.015 365.6 201.4 422.0 323.2
2009_000052 0.014 294.3 202.9 353.1 290.9
2009_000056 0.012 208.6 275.7 245.2 297.7
2009_000119 0.133 -6.6 36.3 315.8 488.1
2009_000135 0.022 37.0 289.5 337.6 487.7
2009_000135 0.015 9.2 22.9 240.8 482.7
2009_000141 0.912 156.7 148.0 300.2 327.5
2009_000141 0.723 -8.3 158.0 181.3 319.2
2009_000141 0.680 357.9 135.4 481.3 319.2
2009_000141 0.071 335.6 184.3 389.8 303.1
2009_000141 0.055 165.2 132.4 232.8 263.4
2009_000141 0.048 1.8 175.2 78.5 291.2
2009_000141 0.042 214.5 151.1 299.9 270.3
2009_000141 0.037 75.4 189.3 197.4 279.7
2009_000141 0.034 183.4 143.4 268.1 270.6
2009_000141 0.033 158.3 208.2 235.1 342.2
2009_000141 0.032 6.3 222.3 224.1 353.0
2009_000141 0.032 15.6 188.3 127.5 284.0
2009_000141 0.029 277.8 158.8 451.0 340.9
2009_000141 0.027 305.0 154.0 359.4 273.2
2009_000141 0.026 352.6 156.3 416.8 299.0
2009_000141 0.026 212.7 152.8 347.5 326.3
2009_000151 0.648 222.4 165.1 279.8 270.0
2009_000151 0.134 232.3 192.4 268.4 255.2
2009_000151 0.021 237.6 212.4 275.0 268.2
2009_000164 0.014 53.2 198.2 134.8 249.3
2009_000197 0.032 84.3 116.5 461.0 264.1
2009_000197 0.012 7.9 167.5 125.3 304.0
2009_000227 0.021 303.1 243.5 348.9 291.8
2009_000229 0.998 55.1 109.9 459.9 339.8
2009_000229 0.040 223.6 183.4 296.7 248.9
2009_000233 0.021 196.8 67.7 315.6 269.3
2009_000336 0.143 7.0 75.1 318.2 277.0
2009_000347 0.016 244.2 242.5 279.6 280.8
2009_000385 0.010 95.5 -20.9 252.8 505.9
2009_000393 0.221 147.9 189.4 277.0 431.4
2009_000408 0.034 20.9 339.3 84.3 429.2
2009_000408 0.012 2.4 335.6 21.3 402.5
2009_000408 0.010 20.3 351.8 50.1 428.3
2009_000443 0.025 69.0 7.6 500.8 354.1
2009_000444 0.020 128.0 249.6 174.2 350.8
2009_000445 0.062 212.6 246.1 289.7 310.1
2009_000532 0.016 403.7 177.3 465.7 240.7
2009_000539 0.246 180.5 63.7 347.9 416.1
2009_000539 0.028 31.4 39.6 184.3 413.1
2009_000539 0.017 283.4 144.5 340.7 289.1
2009_000544 0.998 52.5 66.1 404.8 321.2
2009_000544 0.018 182.7 248.6 206.5 286.9
2009_000544 0.011 192.8 242.7 217.0 284.3
2009_000546 0.019 89.1 108.8 397.8 226.2
2009_000546 0.017 350.5 152.7 403.5 222.8
2009_000553 0.014 469.0 171.8 497.1 214.2
2009_000577 0.015 133.4 57.0 286.1 478.6
2009_000632 0.812 41.2 74.0 492.6 299.0
2009_000632 0.019 310.8 69.7 385.8 139.0
2009_000684 0.016 172.2 247.1 225.0 273.5
2009_000708 0.011 -3.0 137.2 418.9 224.3
2009_000709 0.542 26.5 12.7 477.5 380.2
2009_000737 0.017 19.9 20.0 370.4 485.1
2009_000744 0.022 123.5 22.1 392.9 285.1
2009_000770 0.028 149.1 30.5 437.9 366.1
2009_000774 0.022 228.6 146.3 307.0 232.6
2009_000849 0.046 190.3 190.2 268.5 278.7
2009_000849 0.020 377.9 225.7 447.8 289.7
2009_000849 0.012 184.2 149.4 453.9 296.0
2009_000849 0.010 223.6 228.0 293.9 285.5
2009_000869 0.735 44.4 32.8 487.1 319.9
2009_000869 0.010 289.9 49.3 486.4 329.8
2009_000910 0.019 188.5 18.7 294.2 227.8
2009_000937 0.051 103.6 123.9 181.1 175.1
2009_000937 0.031 321.1 153.4 420.8 209.0
2009_000937 0.017 22.0 145.8 262.5 312.5
2009_000970 0.018 118.6 1.4 189.6 54.6
2009_001009 0.011 241.5 228.4 336.5 282.2
2009_001012 0.016 152.6 210.7 217.5 238.6
2009_001056 0.015 128.6 88.8 166.9 117.0
2009_001081 0.956 35.6 19.8 458.9 335.8
2009_001091 0.163 1.1 100.9 323.7 472.5
2009_001091 0.014 92.3 122.9 154.2 199.9
2009_001091 0.012 68.8 130.9 126.0 214.8
2009_001100 0.011 0.9 100.8 69.3 154.4
2009_001103 0.015 4.0 1.3 70.4 33.5
2009_001103 0.010 142.9 0.5 216.0 28.3
2009_001104 0.763 40.2 113.6 288.2 315.3
2009_001104 0.200 204.5 131.2 390.3 291.0
2009_001137 0.026 57.1 2.7 370.9 112.8
2009_001147 0.011 9.6 5.4 342.0 508.4
2009_001163 0.999 60.6 130.2 426.8 306.4
2009_001163 0.856 35.8 137.6 155.3 277.1
2009_001163 0.039 67.9 150.0 141.0 198.9
2009_001163 0.036 53.1 141.0 130.5 236.3
2009_001163 0.034 65.1 127.5 206.8 240.1
2009_001163 0.032 -11.6 140.2 118.0 259.3
2009_001163 0.023 86.1 142.7 166.9 192.2
2009_001163 0.023 10.9 154.8 79.5 271.0
2009_001163 0.020 193.1 143.8 326.2 192.9
2009_001163 0.019 351.4 168.9 428.2 288.8
2009_001163 0.019 375.1 160.9 517.9 295.7
2009_001163 0.017 107.5 115.4 239.7 208.9
2009_001163 0.016 322.1 219.8 407.2 282.7
2009_001163 0.016 153.4 127.5 413.5 206.1
2009_001163 0.016 385.7 151.1 442.2 266.9
2009_001163 0.013 144.0 138.1 261.7 193.1
2009_001163 0.013 283.2 160.7 437.0 280.3
2009_001163 0.012 33.3 175.5 106.5 282.8
2009_001163 0.011 30.0 58.5 143.0 232.2
2009_001188 0.874 321.7 166.4 429.5 255.5
2009_001188 0.081 363.6 175.9 435.4 230.4
2009_001188 0.012 410.2 150.4 487.5 226.4
2009_001192 0.990 65.2 62.1 364.1 221.4
2009_001192 0.035 160.2 148.3 234.7 199.0
2009_001192 0.015 84.2 54.2 218.8 200.4
2009_001192 0.015 167.2 151.1 204.6 187.8
2009_001192 0.013 115.9 52.6 181.9 110.8
2009_001203 0.031 404.8 81.0 491.2 141.7
2009_001260 0.040 6.2 0.3 419.5 312.4
2009_001268 0.340 231.9 189.1 452.7 333.8
2009_001268 0.034 177.1 215.8 240.2 268.1
2009_001268 0.029 333.4 205.5 466.7 342.7
2009_001268 0.026 183.0 213.5 336.5 332.6
2009_001268 0.025 202.4 226.4 278.7 323.1
2009_001268 0.020 59.4 269.1 172.2 335.9
2009_001268 0.017 222.0 212.4 283.1 291.8
2009_001268 0.016 107.5 188.3 242.3 333.0
2009_001268 0.014 200.6 204.4 261.4 287.4
2009_001268 0.010 170.5 219.7 241.3 324.1
2009_001311 0.021 398.0 63.9 438.8 87.0
2009_001312 0.976 56.2 84.7 491.1 335.9
2009_001312 0.861 275.8 0.3 347.6 42.0
2009_001312 0.407 35.1 100.3 299.8 293.4
2009_001312 0.261 13.1 21.1 51.0 75.9
2009_001312 0.204 271.9 1.9 310.9 36.7
2009_001312 0.121 228.8 -1.4 285.0 48.6
2009_001312 0.097 311.6 7.4 356.2 46.7
2009_001312 0.085 265.9 1.6 285.6 30.0
2009_001312 0.077 -1.6 82.0 63.6 183.5
2009_001312 0.074 52.5 7.3 297.8 118.9
2009_001312 0.065 240.0 0.6 337.4 55.7
2009_001312 0.059 220.4 9.5 289.3 87.9
2009_001312 0.059 2.0 10.7 41.7 68.7
2009_001312 0.056 237.2 2.3 274.5 30.0
2009_001312 0.045 126.9 48.5 334.7 149.7
2009_001312 0.041 244.3 31.0 308.7 115.8
2009_001312 0.039 15.3 26.9 254.5 207.3
2009_001312 0.036 258.6 6.2 294.6 37.3
2009_001312 0.034 196.5 10.1 384.3 107.2
2009_001312 0.034 392.6 131.3 501.1 342.5
2009_001312 0.034 172.7 -4.9 283.5 103.1
2009_001312 0.034 227.1 23.1 335.6 73.8
2009_001312 0.030 257.0 -1.9 289.7 20.1
2009_001312 0.030 -1.1 117.4 51.1 172.4
2009_001312 0.030 289.5 -0.1 336.2 27.3
2009_001312 0.028 282.5 -10.1 320.4 33.3
2009_001312 0.028 249.8 0.2 306.4 87.0
2009_001329 0.019 443.5 218.8 502.5 273.5
2009_001329 0.018 370.4 194.1 439.2 244.7
2009_001354 0.035 112.1 104.9 175.8 196.9
2009_001354 0.034 110.7 83.1 170.8 159.1
2009_001354 0.013 119.9 83.9 160.0 132.7
2009_001354 0.013 170.8 89.8 242.5 154.6
2009_001357 0.030 148.1 151.1 348.8 390.0
2009_001357 0.011 143.3 280.4 355.5 411.0
2009_001360 0.022 33.7 99.6 85.1 160.8
2009_001368 0.048 -3.4 5.2 354.0 344.9
2009_001403 0.064 230.0 179.7 284.5 246.0
2009_001514 0.880 -4.6 19.9 461.1 376.7
2009_001514 0.097 287.5 11.6 503.3 368.4
2009_001514 0.022 36.4 -2.7 480.5 114.7
2009_001514 0.014 14.9 258.4 111.9 333.4
2009_001514 0.011 -12.6 189.7 87.1 382.8
2009_001514 0.010 149.1 287.3 306.8 339.2
2009_001567 0.013 274.2 67.3 322.3 101.2
2009_001570 0.979 248.8 129.4 342.8 202.4
2009_001570 0.015 258.2 140.8 317.6 171.6
2009_001570 0.011 262.9 121.4 324.8 182.9
2009_001615 0.123 107.7 25.7 457.8 326.3
2009_001615 0.025 66.1 27.8 233.8 328.2
2009_001615 0.013 239.3 24.4 508.0 209.6
2009_001671 0.014 254.7 95.2 416.3 238.8
2009_001715 0.014 123.5 341.3 169.7 364.4
2009_001740 0.853 3.1 -14.1 485.9 369.2
2009_001744 0.015 127.1 204.2 184.5 259.6
2009_001801 0.181 130.3 229.2 161.0 262.5
2009_001806 0.013 29.3 173.1 314.3 507.7
2009_001840 0.051 383.7 83.3 495.5 252.9
2009_001846 0.010 330.5 130.4 486.6 279.4
2009_001861 0.997 286.1 91.0 482.5 302.4
2009_001861 0.052 374.4 97.7 498.7 280.5
2009_001861 0.043 433.6 132.2 505.9 275.2
2009_001861 0.015 419.5 234.6 467.2 277.4
2009_001861 0.014 403.3 108.3 480.7 235.6
2009_001861 0.013 410.9 118.8 612.5 276.1
2009_001904 0.042 -0.2 66.9 471.4 265.2
2009_001910 0.160 417.1 43.1 497.1 110.8
2009_001910 0.049 426.0 43.8 462.9 88.0
2009_001910 0.013 409.3 26.9 471.2 85.4
2009_001910 0.011 459.6 31.2 515.9 110.0
2009_001934 0.069 62.9 40.8 401.5 269.6
2009_002010 0.013 355.7 121.3 488.3 363.7
2009_002064 0.237 0.6 21.0 262.0 502.3
2009_002064 0.019 2.3 62.5 93.0 285.1
2009_002066 0.755 67.8 35.4 482.4 278.7
2009_002066 0.015 96.0 3.2 208.5 105.5
2009_002066 0.015 389.5 226.4 447.9 263.3
2009_002066 0.013 136.1 0.7 217.8 71.0
2009_002066 0.011 73.7 14.0 213.2 180.2
2009_002077 0.011 -3.4 104.2 324.1 492.5
2009_002083 0.021 121.7 102.9 223.7 303.5
2009_002116 0.026 126.7 421.6 169.4 499.4
2009_002146 0.968 28.7 149.6 195.7 351.1
2009_002146 0.937 267.3 120.4 364.2 222.9
2009_002146 0.914 377.9 134.3 500.2 267.9
2009_002146 0.803 202.7 115.2 283.2 202.0
2009_002146 0.282 231.0 110.6 332.6 209.6
2009_002146 0.051 313.0 144.0 390.4 229.9
2009_002146 0.035 380.8 172.4 459.9 278.1
2009_002146 0.034 353.3 155.9 421.7 257.5
2009_002147 0.720 129.0 154.2 259.1 380.1
2009_002147 0.037 155.1 181.9 223.1 356.7
2009_002147 0.016 186.4 200.3 266.2 302.0
2009_002147 0.011 126.1 219.4 187.4 381.6
2009_002147 0.010 161.9 147.4 276.4 297.3
2009_002198 0.173 -7.0 174.1 443.7 335.2
2009_002198 0.015 347.6 233.8 417.4 318.4
2009_002198 0.012 59.3 199.1 387.0 291.1
2009_002216 0.029 62.0 66.8 269.7 419.8
2009_002225 0.010 203.3 161.1 264.5 187.9
2009_002262 0.023 474.6 167.9 497.9 230.1
2009_002299 0.015 165.5 78.0 324.0 227.8
2009_002301 0.028 436.5 105.2 496.1 130.0
2009_002301 0.011 184.3 279.7 261.3 351.4
2009_002352 0.031 47.4 9.4 480.3 436.6
2009_002352 0.012 305.8 2.7 334.2 31.8
2009_002377 0.992 19.7 23.9 442.8 315.1
2009_002377 0.479 334.9 18.2 449.6 119.3
2009_002377 0.026 48.9 8.5 411.4 159.7
2009_002377 0.020 392.9 31.7 498.4 247.4
2009_002377 0.017 13.2 103.5 68.6 157.1
2009_002377 0.016 225.4 3.9 432.1 113.2
2009_002377 0.015 330.8 52.9 397.8 110.6
2009_002381 0.068 2.7 166.1 40.5 203.3
2009_002381 0.021 -2.3 157.0 63.1 217.7
2009_002381 0.012 5.7 146.8 76.3 260.7
2009_002409 0.016 90.3 15.3 139.5 55.8
2009_002424 0.019 27.6 26.2 243.0 483.1
2009_002438 0.052 85.2 383.5 326.8 495.4
2009_002438 0.016 192.7 385.0 381.9 497.6
2009_002438 0.014 176.7 379.8 286.5 448.1
2009_002438 0.012 163.0 331.7 343.5 483.3
2009_002522 0.998 173.4 102.8 459.8 284.6
2009_002522 0.016 193.0 76.7 405.2 221.2
2009_002523 0.011 277.4 186.8 295.2 202.2
2009_002586 0.043 221.5 21.0 460.2 108.1
2009_002586 0.037 49.8 231.7 255.7 308.4
2009_002612 0.013 194.9 275.4 246.3 330.6
2009_002628 0.707 165.3 51.9 462.8 499.5
2009_002628 0.038 5.1 239.8 192.6 461.3
2009_002628 0.021 136.3 194.5 226.6 468.7
2009_002628 0.016 108.5 281.9 257.8 495.4
2009_002628 0.011 197.6 349.2 270.3 503.5
2009_002672 0.069 48.6 64.3 435.8 242.9
2009_002695 0.023 259.7 148.4 286.1 194.2
2009_002695 0.014 149.2 144.9 203.8 210.2
2009_002695 0.014 123.0 160.5 155.0 198.0
2009_002695 0.011 92.3 145.9 142.7 208.4
2009_002703 0.033 12.7 137.3 333.8 476.6
2009_002704 0.850 85.0 63.6 379.3 265.7
2009_002719 0.897 38.8 170.7 303.5 459.7
2009_002719 0.122 179.3 182.9 280.2 252.4
2009_002719 0.074 59.6 178.7 251.5 307.5
2009_002719 0.024 110.2 153.6 283.2 259.6
2009_002719 0.018 132.5 194.4 248.7 254.3
2009_002719 0.017 83.6 197.1 204.1 263.0
2009_002719 0.015 18.1 197.2 104.2 464.5
2009_002719 0.015 227.3 168.1 276.9 243.2
2009_002734 0.012 80.8 339.5 187.5 501.7
2009_002758 0.037 450.9 149.8 502.6 217.5
2009_002784 0.671 40.1 198.2 246.7 450.1
2009_002784 0.112 7.9 210.2 48.1 257.2
2009_002784 0.051 331.8 260.7 368.8 335.8
2009_002784 0.013 227.3 218.8 366.8 376.5
2009_002784 0.011 77.3 324.3 298.5 452.7
2009_002798 0.782 -2.6 13.5 166.2 220.2
2009_002798 0.353 24.6 4.8 299.7 296.9
2009_002798 0.024 280.5 1.0 500.6 311.6
2009_002798 0.022 8.9 20.7 513.9 359.0
2009_002798 0.016 60.2 3.3 259.3 166.8
2009_002798 0.012 162.9 5.8 417.3 125.7
2009_002798 0.011 20.0 26.2 106.9 169.1
2009_002798 0.011 89.6 31.7 165.0 159.3
2009_002912 0.037 184.8 181.9 252.9 283.9
2009_002912 0.029 186.7 232.3 222.9 285.0
2009_002912 0.014 223.8 186.6 280.3 286.9
2009_002912 0.013 287.4 181.5 428.1 283.6
2009_002921 0.037 335.9 207.1 367.9 240.4
2009_002921 0.017 420.9 199.5 484.0 251.0
2009_002921 0.012 97.2 261.3 186.0 363.3
2009_002921 0.012 113.1 274.7 187.6 328.3
2009_002957 0.105 102.0 61.2 170.0 108.5
2009_002957 0.010 143.8 65.4 202.4 122.5
2009_002972 0.913 133.6 19.2 270.6 149.2
2009_002972 0.873 174.7 146.2 375.4 308.9
2009_002972 0.020 142.4 16.5 218.5 119.6
2009_002972 0.014 252.4 142.8 382.4 246.3
2009_002972 0.013 126.0 43.3 191.1 143.8
2009_003032 0.022 -7.3 79.0 202.9 339.2
2009_003056 0.999 185.2 136.7 401.5 292.8
2009_003056 0.011 62.8 130.9 342.7 285.2
2009_003066 0.198 38.8 2.7 476.6 366.8
2009_003093 0.059 90.5 2.9 132.5 46.6
2009_003127 0.128 442.3 13.8 480.8 57.8
2009_003156 0.012 53.1 127.8 459.5 244.6
2009_003156 0.011 7.1 60.5 340.6 162.2
2009_003187 0.022 131.7 190.8 443.0 377.0
2009_003187 0.010 203.4 201.3 268.3 269.3
2009_003225 0.646 11.0 153.8 217.4 333.4
2009_003225 0.572 273.6 186.4 507.7 333.5
2009_003225 0.308 132.4 137.0 411.2 323.2
2009_003225 0.097 374.6 231.5 497.3 339.9
2009_003225 0.088 44.2 211.1 296.0 321.9
2009_003225 0.063 187.9 171.0 354.7 303.7
2009_003225 0.040 305.3 74.3 464.2 330.4
2009_003225 0.037 309.8 241.6 462.8 340.8
2009_003225 0.033 424.3 254.2 501.7 343.7
2009_003225 0.029 419.1 216.1 596.7 335.2
2009_003225 0.024 26.6 206.1 155.0 324.8
2009_003225 0.018 170.9 224.6 429.8 351.1
2009_003225 0.018 151.2 82.2 314.4 302.2
2009_003225 0.018 139.1 191.3 284.4 301.6
2009_003225 0.016 119.0 226.3 213.4 301.3
2009_003234 0.027 167.9 307.8 342.6 435.9
2009_003317 0.308 2.0 89.4 253.1 480.0
2009_003327 0.529 76.2 75.3 456.9 365.7
2009_003333 0.022 17.6 151.9 62.0 179.4
2009_003333 0.014 6.2 150.2 26.2 178.9
2009_003333 0.013 456.6 154.0 490.1 179.5
2009_003333 0.011 2.6 134.7 66.4 179.4
2009_003361 0.017 429.7 139.4 500.7 269.3
2009_003383 0.070 237.8 45.1 316.9 110.3
2009_003383 0.020 220.0 81.7 276.7 108.0
2009_003383 0.020 228.2 66.3 303.7 126.1
2009_003383 0.016 232.9 70.3 295.4 101.2
2009_003425 0.888 334.4 197.5 406.4 239.1
2009_003425 0.016 331.8 198.7 359.1 234.4
2009_003425 0.015 335.5 209.8 379.1 238.2
2009_003430 0.011 417.6 126.4 506.2 333.8
2009_003446 0.018 108.4 128.6 438.7 202.1
2009_003510 0.011 167.1 44.1 309.1 259.6
2009_003511 0.035 438.0 64.3 465.2 115.2
2009_003562 0.013 249.1 101.1 301.9 182.2
2009_003594 0.063 17.9 63.7 474.2 231.3
2009_003629 0.999 197.9 208.5 418.1 327.6
2009_003629 0.108 197.0 205.1 312.7 299.1
2009_003629 0.057 346.1 199.9 417.4 292.6
2009_003629 0.043 319.8 229.2 414.0 317.9
2009_003629 0.035 232.2 206.6 308.5 258.2
2009_003629 0.026 211.9 204.6 254.2 251.6
2009_003629 0.024 303.2 268.1 379.2 327.4
2009_003629 0.013 265.0 242.7 392.7 324.0
2009_003636 0.044 38.6 107.4 500.4 253.5
2009_003644 0.022 328.2 174.3 363.3 210.5
2009_003660 0.997 108.5 135.2 359.1 269.1
2009_003660 0.025 163.2 87.6 300.1 258.8
2009_003660 0.019 201.1 74.7 245.1 109.3
2009_003660 0.013 121.7 122.3 262.3 240.2
2009_003660 0.011 121.1 119.3 182.3 215.3
2009_003660 0.011 191.0 73.0 225.0 111.4
2009_003683 0.097 29.9 14.3 485.1 319.2
2009_003690 0.068 346.3 191.7 473.3 300.1
2009_003690 0.032 331.4 75.5 487.6 323.6
2009_003690 0.023 353.6 178.4 423.3 279.7
2009_003690 0.012 382.6 167.9 441.2 284.1
2009_003695 0.012 96.5 176.5 148.3 232.5
2009_003709 0.020 65.6 31.8 462.8 312.8
2009_003760 0.940 9.4 190.2 170.7 463.8
2009_003760 0.197 187.6 185.2 283.2 288.0
2009_003760 0.046 171.0 251.3 302.6 482.1
2009_003760 0.041 112.9 152.0 212.2 421.7
2009_003760 0.026 73.6 189.9 213.3 287.5
2009_003760 0.020 154.4 201.1 242.8 483.8
2009_003760 0.018 45.3 304.9 152.7 453.3
2009_003760 0.016 19.8 199.3 170.8 328.4
2009_003760 0.014 111.4 183.6 196.3 260.9
2009_003760 0.013 83.5 172.4 251.0 508.4
2009_003760 0.013 40.0 204.3 158.7 272.4
2009_003760 0.011 26.6 142.4 158.1 286.0
2009_003760 0.011 87.9 325.9 151.6 424.0
2009_003760 0.010 75.7 320.7 210.2 481.6
2009_003775 0.101 63.5 284.8 140.3 343.5
2009_003775 0.013 46.7 118.3 494.8 329.7
2009_003775 0.012 76.9 283.0 123.4 312.3
2009_003808 0.012 1.3 124.4 493.0 316.5
2009_003808 0.011 -0.9 79.7 80.9 288.3
2009_003825 0.950 70.8 107.1 338.5 469.5
2009_003825 0.014 197.3 112.6 326.8 360.7
2009_003865 0.016 113.2 209.3 143.7 240.2
2009_003865 0.012 91.0 62.3 480.7 263.8
2009_003867 0.038 396.5 232.8 426.1 270.3
2009_003900 0.010 127.3 35.7 190.3 107.1
2009_004037 0.075 199.2 250.1 243.2 290.4
2009_004037 0.026 265.9 153.9 301.7 193.4
2009_004074 0.126 140.1 97.4 393.6 340.8
2009_004074 0.041 124.9 121.7 261.9 339.0
2009_004074 0.015 137.4 108.0 217.9 218.1
2009_004088 0.045 470.9 205.7 498.5 235.7
2009_004091 0.998 19.6 59.1 481.4 289.4
2009_004139 0.028 90.5 300.4 161.0 365.2
2009_004168 0.038 2.4 46.1 324.3 499.3
2009_004191 0.963 -13.2 14.7 484.5 373.8
2009_004191 0.080 239.7 292.9 279.7 341.2
2009_004191 0.053 210.6 291.3 289.5 346.8
2009_004191 0.044 176.0 280.0 243.8 341.3
2009_004191 0.030 -7.9 48.4 157.8 357.7
2009_004191 0.026 134.6 307.2 171.4 356.5
2009_004191 0.021 207.2 292.6 261.4 332.2
2009_004191 0.015 -13.8 5.8 183.9 115.6
2009_004191 0.014 88.5 306.7 162.3 369.6
2009_004191 0.014 -0.1 10.6 151.8 215.3
2009_004191 0.013 108.3 3.9 187.7 95.9
2009_004191 0.011 111.6 289.1 174.7 358.8
2009_004191 0.011 165.8 292.6 192.4 347.5
2009_004191 0.010 -5.3 23.5 79.4 284.8
2009_004202 0.021 52.2 150.7 302.1 320.2
2009_004202 0.019 35.9 165.2 268.1 256.3
2009_004202 0.018 22.1 174.1 123.8 246.5
2009_004202 0.011 178.0 163.3 291.7 322.0
2009_004225 0.021 159.9 273.9 230.1 364.2
2009_004225 0.011 7.5 256.8 144.7 365.8
2009_004228 0.860 66.4 28.7 316.0 364.6
2009_004228 0.027 120.6 49.9 224.3 122.0
2009_004228 0.014 86.3 41.9 281.7 159.7
2009_004228 0.013 108.3 24.4 192.6 114.6
2009_004276 0.012 50.8 5.9 432.6 340.7
2009_004279 0.011 72.8 89.7 219.1 142.2
2009_004340 0.020 15.0 -0.2 237.9 160.9
2009_004370 0.986 7.4 -2.1 491.6 368.1
2009_004370 0.014 20.5 189.7 420.1 366.6
2009_004370 0.012 81.5 290.0 156.0 376.1
2009_004399 0.155 86.1 47.2 319.0 474.0
2009_004432 0.011 31.1 18.0 476.7 332.4
2009_004449 0.032 226.4 200.8 294.0 289.2
2009_004449 0.011 217.6 81.7 347.1 277.4
2009_004452 0.046 264.9 13.4 505.4 333.8
2009_004465 0.790 117.9 72.9 465.4 287.3
2009_004519 0.011 80.8 303.1 166.6 360.2
2009_004527 0.925 6.8 97.8 499.8 343.7
2009_004527 0.015 388.7 92.6 499.9 318.4
2009_004557 0.021 201.1 278.9 254.2 351.8
2009_004643 0.306 349.7 215.4 382.2 258.7
2009_004643 0.015 337.7 173.4 387.4 256.1
2009_004662 0.762 11.7 21.2 474.8 356.1
2009_004662 0.128 300.7 16.4 507.4 266.3
2009_004662 0.121 266.0 -1.6 353.5 52.1
2009_004662 0.032 237.7 -1.4 323.5 60.1
2009_004662 0.030 233.6 131.9 496.8 335.3
2009_004662 0.014 297.5 205.7 462.6 319.7
2009_004662 0.012 313.2 4.3 361.6 46.0
2009_004662 0.011 276.9 6.2 320.2 55.3
2009_004662 0.010 169.1 -1.0 282.6 61.8
2009_004674 0.031 118.6 113.1 168.8 146.7
2009_004674 0.016 111.3 85.2 166.5 154.3
2009_004688 0.298 26.5 22.9 486.7 367.5
2009_004688 0.140 285.1 7.1 494.7 194.3
2009_004688 0.029 391.6 19.5 495.6 254.9
2009_004688 0.024 470.9 4.1 498.9 49.9
2009_004688 0.021 416.1 2.8 496.6 54.4
2009_004688 0.012 455.2 1.5 497.6 34.7
2009_004688 0.011 349.6 75.4 517.3 192.0
2009_004694 0.057 12.3 8.2 160.2 289.4
2009_004731 0.103 410.1 235.2 459.5 268.2
2009_004731 0.026 431.9 232.0 481.9 267.3
2009_004731 0.020 420.2 230.4 445.7 264.0
2009_004761 0.025 99.6 71.5 434.0 337.0
2009_004761 0.016 259.5 276.0 329.4 334.5
2009_004779 0.010 32.0 76.7 345.6 475.1
2009_004797 0.025 224.5 262.2 288.5 316.8
2009_004813 0.021 89.8 133.8 200.9 320.3
2009_004813 0.014 84.8 170.8 168.0 253.5
2009_004830 0.011 18.0 93.7 467.6 229.3
2009_004871 0.734 64.1 61.2 275.3 271.6
2009_004871 0.126 252.3 63.0 358.7 215.3
2009_004871 0.068 177.3 78.3 300.1 234.6
2009_004871 0.036 7.4 71.5 80.6 147.5
2009_004871 0.031 324.8 76.4 388.6 198.9
2009_004871 0.030 221.6 113.0 292.8 218.8
2009_004871 0.029 107.1 75.7 318.9 182.9
2009_004871 0.027 119.2 105.1 251.3 308.7
2009_004871 0.024 128.3 79.8 363.6 259.4
2009_004871 0.023 63.8 51.7 213.3 172.4
2009_004871 0.023 247.1 102.2 318.6 217.7
2009_004871 0.021 276.5 117.8 346.4 221.4
2009_004871 0.019 128.1 146.9 270.1 250.4
2009_004871 0.018 260.1 78.2 427.1 181.6
2009_004871 0.018 164.7 131.5 302.5 297.8
2009_004871 0.017 288.4 88.3 371.8 201.4
2009_004871 0.016 210.0 45.7 384.8 145.1
2009_004871 0.015 198.0 100.7 262.9 203.1
2009_004871 0.014 186.7 144.7 275.9 222.2
2009_004871 0.014 303.6 67.9 495.8 238.2
2009_004871 0.014 166.2 154.6 233.2 245.9
2009_004871 0.013 -29.8 53.9 67.4 143.8
2009_004871 0.013 105.6 173.1 333.0 270.6
2009_004901 0.048 82.1 135.0 121.6 187.6
2009_004901 0.030 85.6 123.2 144.7 193.7
2009_004905 0.381 81.1 123.8 412.5 271.7
2009_004905 0.126 73.7 120.4 224.1 272.3
2009_004905 0.036 72.2 181.0 148.7 275.2
2009_004905 0.012 16.1 185.9 195.6 275.9
2009_004921 0.017 336.1 91.9 348.1 110.9
2009_004921 0.011 343.6 90.3 353.8 109.8
2009_004980 0.485 37.5 46.9 487.8 310.0
2009_004980 0.111 386.1 108.5 509.8 240.7
2009_004980 0.077 -3.8 118.1 160.1 307.8
2009_004980 0.015 6.3 212.4 146.4 320.0
2009_004980 0.014 283.2 103.5 506.7 273.6
2009_004980 0.012 414.2 129.9 582.5 251.1
2009_004980 0.010 14.3 200.0 118.6 279.8
2009_004984 0.014 3.8 188.4 34.1 216.1
2009_005042 0.032 43.5 109.6 193.3 223.4
2009_005045 0.042 81.7 12.8 452.0 369.1
2009_005076 0.035 451.0 296.1 484.9 343.6
2009_005076 0.013 142.3 316.1 189.9 355.2
2009_005102 0.014 400.1 102.6 502.0 335.4
2009_005128 0.020 231.3 96.4 282.7 198.3
2009_005128 0.018 253.4 93.4 304.8 200.7
2009_005128 0.013 221.9 96.9 335.4 206.6
2009_005128 0.010 234.2 135.3 310.0 208.6
2009_005133 0.953 214.0 44.1 491.1 231.8
2009_005154 0.013 197.6 194.3 260.8 265.4
2009_005198 0.168 284.1 150.1 350.4 214.6
2009_005198 0.073 292.4 146.5 335.1 194.6
2009_005198 0.012 264.6 134.5 318.3 194.3
2009_005234 0.015 183.1 6.6 273.8 73.9
2009_005251 0.318 0.2 -8.3 481.1 371.2
2009_005251 0.058 209.7 18.6 440.3 207.0
2009_005251 0.012 445.7 -1.8 496.8 46.9
2009_005256 0.014 292.8 187.2 334.6 227.0
2009_005263 0.483 174.1 36.4 410.6 196.0
2009_005263 0.022 86.7 25.8 235.8 303.9
2009_005269 0.970 60.8 11.3 390.7 496.2
2009_005269 0.230 -1.6 49.6 98.0 327.7
2009_005269 0.069 159.2 20.6 421.2 342.1
2009_005269 0.035 26.4 123.0 214.6 503.2
2009_005269 0.011 255.0 47.1 404.5 297.9
2009_005269 0.011 25.8 27.7 190.2 273.5
2009_005293 0.854 299.3 98.1 421.8 303.2
2009_005293 0.742 90.4 106.9 244.9 300.5
2009_005293 0.114 323.5 176.5 474.5 316.8
2009_005293 0.091 345.1 92.8 413.9 218.6
2009_005293 0.042 312.4 146.4 409.6 256.7
2009_005293 0.036 320.8 176.6 395.2 307.0
2009_005293 0.034 374.5 203.4 506.3 322.1
2009_005293 0.023 341.4 202.5 439.7 296.7
2009_005293 0.019 158.4 103.3 370.8 293.9
2009_005293 0.018 434.1 231.3 498.8 339.8
2009_005293 0.017 375.5 126.3 415.6 201.6
2009_005293 0.017 346.8 244.8 486.5 342.8
2009_005293 0.016 282.7 174.9 344.1 303.3
2009_005293 0.014 156.4 104.0 237.6 245.3
2009_005293 0.014 329.3 179.4 434.9 243.1
2009_005293 0.012 361.4 98.4 412.6 173.6
2009_005307 0.011 25.0 48.7 384.6 431.6
2009_005307 0.011 9.4 -5.8 362.2 251.2
2010_000014 0.076 1.6 10.0 503.5 321.9
2010_000031 0.641 123.1 116.9 182.8 173.7
2010_000031 0.125 363.8 153.4 501.4 319.7
2010_000031 0.013 376.4 192.0 497.9 268.1
2010_000031 0.011 153.2 117.8 185.2 164.9
2010_000055 0.524 175.6 206.5 278.3 281.4
2010_000055 0.016 245.3 32.8 291.6 99.7
2010_000055 0.011 178.2 234.4 247.0 266.6
2010_000089 0.998 97.7 139.6 372.7 299.9
2010_000165 1.000 119.1 117.3 365.1 259.5
2010_000165 0.014 251.4 104.6 332.9 160.5
2010_000165 0.013 140.6 182.0 213.0 246.9
2010_000182 0.032 -2.0 50.5 44.4 175.8
2010_000187 1.000 237.8 183.3 458.2 332.9
2010_000187 0.045 371.4 194.7 489.9 315.0
2010_000187 0.025 385.7 218.8 462.9 279.4
2010_000187 0.016 404.7 220.8 471.8 326.2
2010_000187 0.011 230.3 197.7 287.6 319.5
2010_000187 0.011 386.4 202.3 460.2 253.0
2010_000187 0.010 283.8 173.1 385.3 247.8
2010_000187 0.010 390.2 159.2 500.9 256.6
2010_000189 0.011 72.3 90.0 109.2 137.9
2010_000198 0.036 73.6 54.2 400.3 374.8
2010_000233 0.013 396.3 8.6 444.6 45.2
2010_000264 0.018 36.5 41.9 488.6 379.9
2010_000270 0.017 3.9 30.3 491.9 308.2
2010_000299 0.014 247.8 112.6 336.0 262.6
2010_000361 0.033 280.0 24.1 452.6 333.2
2010_000437 0.016 57.8 144.6 220.5 245.4
2010_000437 0.010 145.0 166.9 216.8 233.3
2010_000466 0.207 10.7 99.6 333.5 481.3
2010_000466 0.036 174.7 107.2 345.1 344.2
2010_000466 0.024 1.3 84.6 119.0 275.8
2010_000466 0.012 -1.4 105.6 68.3 236.1
2010_000466 0.011 14.8 116.7 217.5 236.8
2010_000473 0.998 8.1 17.3 486.4 282.8
2010_000473 0.034 15.1 62.9 256.1 256.1
2010_000473 0.025 221.2 115.7 287.8 173.4
2010_000473 0.018 316.2 29.0 501.9 124.8
2010_000473 0.018 -17.4 70.3 91.1 234.7
2010_000473 0.014 464.8 106.4 503.4 135.9
2010_000473 0.012 147.6 135.1 210.2 201.2
2010_000473 0.011 441.4 91.5 503.2 144.5
2010_000473 0.010 32.6 88.3 103.6 217.8
2010_000480 0.021 28.4 124.4 110.6 221.7
2010_000480 0.010 48.0 105.3 134.2 205.2
2010_000513 0.998 18.7 37.6 472.6 338.2
2010_000513 0.519 8.9 45.2 168.0 326.4
2010_000513 0.049 126.8 84.8 383.9 275.6
2010_000513 0.039 252.3 61.8 488.5 351.4
2010_000513 0.026 322.1 60.3 467.4 254.3
2010_000513 0.021 223.2 89.2 455.8 211.8
2010_000513 0.019 200.4 58.4 463.6 147.7
2010_000513 0.013 218.1 234.8 468.5 347.2
2010_000513 0.012 317.2 173.0 468.9 370.1
2010_000513 0.011 278.2 22.5 422.2 207.8
2010_000513 0.011 10.8 50.5 233.4 165.1
2010_000513 0.011 65.6 91.1 325.9 182.5
2010_000527 0.021 161.6 180.8 211.5 244.6
2010_000651 0.150 1.3 55.4 74.0 146.6
2010_000651 0.047 40.0 31.8 316.0 325.5
2010_000658 0.022 22.7 5.0 473.2 385.4
2010_000667 0.015 263.6 34.8 503.9 288.5
2010_000685 0.011 370.9 88.9 503.4 336.1
2010_000688 0.267 7.1 99.9 74.8 187.1
2010_000688 0.112 4.9 121.0 46.6 175.3
2010_000688 0.052 34.1 102.2 101.0 189.1
2010_000688 0.023 1.9 115.3 27.5 182.8
2010_000688 0.022 -3.7 82.8 50.9 172.6
2010_000688 0.016 -5.9 113.6 48.3 208.5
2010_000688 0.014 7.1 128.1 67.5 228.3
2010_000688 0.010 8.9 66.1 99.0 145.1
2010_000707 0.087 300.0 191.6 381.6 275.4
2010_000707 0.042 33.3 15.9 481.9 432.9
2010_000707 0.024 324.0 228.1 382.5 274.3
2010_000707 0.022 296.4 165.8 459.4 285.5
2010_000707 0.015 268.8 104.1 484.4 309.9
2010_000723 0.016 8.5 49.0 505.7 305.9
2010_000748 0.020 5.4 31.8 163.6 303.4
2010_000782 0.013 40.3 35.7 360.6 351.0
2010_000885 0.308 38.2 69.8 254.0 326.2
2010_000908 0.014 29.9 154.6 202.0 330.1
2010_000910 0.030 -1.5 162.2 154.0 368.2
2010_000914 0.103 75.5 6.5 506.7 382.8
2010_000938 0.013 400.8 264.5 468.4 330.8
2010_000979 0.981 67.3 169.4 279.2 385.7
2010_000979 0.016 109.1 111.5 247.7 330.2
2010_000979 0.015 41.3 177.9 229.0 279.1
2010_000986 0.055 40.0 30.5 489.8 354.1
2010_001066 0.418 78.1 13.8 412.7 355.2
2010_001076 0.019 2.0 181.1 58.1 255.5
2010_001094 0.012 47.6 75.9 114.3 127.9
2010_001105 0.043 5.9 124.9 364.0 247.1
2010_001152 0.981 170.8 106.6 342.4 234.8
2010_001160 0.015 152.9 -2.5 508.0 177.3
2010_001177 0.908 16.6 112.0 486.0 377.2
2010_001177 0.029 223.0 176.9 478.3 381.7
2010_001177 0.023 28.1 187.9 293.7 384.8
2010_001177 0.020 263.2 11.9 467.3 345.7
2010_001177 0.015 315.7 294.7 456.1 359.2
2010_001177 0.014 306.7 232.2 466.4 353.4
2010_001177 0.012 18.1 162.1 158.0 361.8
2010_001211 0.960 11.9 47.8 458.2 306.4
2010_001211 0.037 400.9 14.5 438.5 64.7
2010_001211 0.027 19.8 31.2 246.1 257.1
2010_001211 0.017 6.4 1.1 77.0 25.4
2010_001211 0.014 406.3 1.5 435.4 47.5
2010_001211 0.013 111.2 7.6 363.3 108.7
2010_001289 0.029 20.9 75.8 78.1 129.7
2010_001289 0.028 35.5 59.5 95.5 125.2
2010_001289 0.011 33.5 99.7 84.4 127.0
2010_001356 0.010 285.4 0.9 366.9 33.2
2010_001383 0.910 19.2 34.2 496.5 338.4
2010_001383 0.033 352.5 44.8 432.5 106.4
2010_001383 0.011 390.2 51.2 498.6 260.7
2010_001383 0.010 337.0 15.5 464.1 189.5
2010_001386 0.892 96.0 272.4 156.5 326.5
2010_001386 0.037 100.5 264.8 133.9 313.2
2010_001386 0.028 96.1 287.6 134.8 328.4
2010_001399 0.011 227.5 83.4 269.4 141.0
2010_001489 0.018 2.6 138.2 58.5 191.8
2010_001560 0.026 219.1 371.9 252.5 420.3
2010_001560 0.022 11.9 104.6 373.2 455.5
2010_001583 0.045 79.5 190.8 422.2 375.0
2010_001583 0.043 309.0 257.8 371.6 321.7
2010_001583 0.030 324.4 269.6 358.9 308.1
2010_001583 0.013 346.3 235.0 429.0 346.0
2010_001583 0.011 122.1 18.4 386.9 363.5
2010_001698 0.194 12.0 -2.9 424.3 271.2
2010_001698 0.142 -3.7 34.4 76.5 93.7
2010_001698 0.029 3.6 30.5 89.9 252.3
2010_001700 0.011 94.5 189.3 271.3 481.8
2010_001709 0.014 393.1 215.6 422.1 251.5
2010_001710 0.995 29.3 11.0 450.4 362.5
2010_001710 0.022 248.3 46.4 460.0 351.5
2010_001762 0.994 20.5 175.6 139.0 327.6
2010_001810 0.046 277.5 185.3 321.1 233.6
2010_001810 0.015 107.9 44.9 474.0 397.9
2010_001810 0.011 104.0 313.3 162.1 360.1
2010_001842 0.014 78.5 51.9 487.4 360.1
2010_001860 0.028 28.2 47.5 473.9 234.1
2010_001870 0.016 210.2 269.4 237.9 309.5
2010_001911 0.020 401.9 206.8 438.6 257.1
2010_001939 0.011 5.1 194.6 34.0 274.1
2010_001944 0.026 16.9 27.1 494.3 286.1
2010_001970 0.021 372.3 248.7 502.7 318.8
2010_002015 0.904 5.5 4.2 300.2 498.9
2010_002015 0.071 50.4 11.5 324.6 246.0
2010_002015 0.032 178.8 80.2 340.3 231.9
2010_002015 0.023 68.9 101.8 273.2 225.4
2010_002015 0.013 199.5 121.5 304.3 448.1
2010_002047 0.058 80.3 283.2 265.1 495.2
2010_002054 0.011 334.3 332.5 377.1 413.7
2010_002121 0.039 59.4 186.2 204.1 281.0
2010_002121 0.022 65.6 181.8 401.1 294.8
2010_002121 0.011 464.5 10.8 498.9 50.2
2010_002121 0.011 65.8 209.0 141.4 282.7
2010_002139 0.039 176.5 202.8 219.4 246.4
2010_002139 0.011 153.7 181.3 214.5 241.4
2010_002141 0.013 221.6 1.5 305.7 23.6
2010_002166 0.015 198.8 15.6 390.6 150.7
2010_002207 0.039 2.4 130.5 42.9 182.1
2010_002207 0.025 4.2 127.6 93.2 185.2
2010_002207 0.012 16.0 139.4 80.6 170.9
2010_002207 0.011 -8.3 142.0 34.5 169.5
2010_002208 0.049 423.2 194.2 499.2 304.8
2010_002208 0.020 8.4 88.5 297.5 375.5
2010_002227 0.018 123.7 418.4 179.9 485.4
2010_002299 0.630 286.7 144.2 503.6 337.4
2010_002299 0.220 26.4 37.9 482.4 320.4
2010_002299 0.045 295.9 214.7 465.9 322.6
2010_002299 0.030 380.3 115.9 506.2 286.9
2010_002299 0.030 25.2 293.2 87.3 340.8
2010_002299 0.022 293.7 114.6 507.2 225.9
2010_002299 0.014 7.8 252.8 132.6 338.9
2010_002299 0.011 13.1 134.9 291.2 337.5
2010_002338 0.017 292.1 242.3 379.3 299.2
2010_002369 0.012 478.7 115.9 501.5 151.3
2010_002371 0.037 342.9 163.3 412.4 229.5
2010_002392 0.076 302.7 192.2 387.5 252.0
2010_002392 0.014 303.5 200.1 346.8 248.9
2010_002392 0.013 0.7 180.5 49.9 226.9
2010_002413 0.017 78.9 76.0 445.2 216.6
2010_002424 0.011 364.5 83.7 413.7 201.9
2010_002429 0.012 65.3 125.2 110.7 164.0
2010_002439 0.564 236.8 164.0 276.1 207.9
2010_002456 0.023 32.7 99.1 70.8 133.0
2010_002472 0.012 290.7 157.0 418.8 361.9
2010_002472 0.012 327.0 183.6 487.4 371.1
2010_002496 0.017 299.6 60.7 326.2 104.9
2010_002501 0.030 79.6 111.5 468.8 270.3
2010_002582 0.946 158.5 165.6 406.0 358.1
2010_002582 0.074 118.0 153.1 182.1 288.1
2010_002582 0.051 114.6 118.1 254.8 363.6
2010_002582 0.015 71.5 179.6 313.2 273.5
2010_002582 0.014 298.4 242.0 408.7 356.7
2010_002582 0.011 122.0 144.0 377.3 227.9
2010_002582 0.010 93.7 164.9 195.2 367.5
2010_002614 0.011 91.4 468.5 145.2 498.7
2010_002624 0.912 -8.2 13.9 478.2 334.0
2010_002624 0.062 18.3 4.2 303.8 85.6
2010_002624 0.030 21.4 -1.5 167.0 78.2
2010_002624 0.016 387.5 104.0 506.0 313.1
2010_002624 0.014 -2.5 4.4 180.7 138.6
2010_002624 0.014 87.7 -9.9 370.4 56.7
2010_002642 0.010 -0.4 69.8 66.3 117.4
2010_002697 0.012 85.1 5.0 457.0 377.4
2010_002720 0.995 90.2 168.5 364.6 365.0
2010_002720 0.050 -2.3 180.4 241.4 379.6
2010_002720 0.014 96.1 106.0 257.8 334.1
2010_002734 1.000 34.3 26.0 467.0 359.4
2010_002734 0.014 395.3 125.5 501.3 360.9
2010_002734 0.013 231.7 39.1 450.1 275.0
2010_002734 0.011 49.6 112.1 214.5 328.4
2010_002734 0.010 99.2 14.4 389.8 98.7
2010_002746 0.010 18.0 -1.3 454.7 231.3
2010_002786 0.014 21.5 9.8 449.5 306.9
2010_002815 0.013 2.1 295.5 39.7 331.3
2010_002830 0.012 470.0 105.1 496.9 132.2
2010_002831 0.107 434.2 177.2 498.9 236.6
2010_002831 0.064 469.7 190.3 505.7 243.3
2010_002831 0.022 453.5 196.9 495.7 253.5
2010_002831 0.015 477.2 200.4 522.0 240.0
2010_002831 0.012 473.5 208.8 503.2 255.6
2010_002831 0.011 199.0 225.6 276.7 282.2
2010_002831 0.010 420.7 193.5 499.1 266.9
2010_002844 0.012 117.3 145.1 237.7 503.9
2010_002855 0.570 148.2 98.3 344.7 312.4
2010_002855 0.035 198.2 178.2 362.0 329.6
2010_002855 0.029 212.1 114.7 343.1 240.1
2010_002855 0.023 256.2 194.3 319.1 304.6
2010_002855 0.019 186.3 136.9 264.1 253.7
2010_002855 0.018 248.0 152.0 312.5 264.7
2010_002855 0.015 178.7 154.2 311.0 285.6
2010_002855 0.012 176.6 250.0 385.3 336.9
2010_002880 0.360 30.3 106.4 280.1 438.0
2010_002880 0.014 142.4 5.1 180.7 57.7
2010_002962 0.011 440.7 110.1 493.1 139.4
2010_003002 0.027 -0.1 451.6 29.1 499.7
2010_003002 0.014 239.4 447.0 269.5 496.4
2010_003037 0.103 104.1 110.6 240.1 299.7
2010_003037 0.065 111.8 222.3 293.8 337.8
2010_003037 0.019 81.3 125.3 290.5 374.7
2010_003044 0.376 90.5 194.4 156.4 305.8
2010_003044 0.013 24.3 124.6 152.8 309.7
2010_003062 1.000 129.4 136.8 349.0 268.8
2010_003062 0.018 173.7 105.1 303.0 242.1
2010_003062 0.013 282.4 157.4 361.1 223.4
2010_003062 0.010 234.9 196.4 334.6 263.7
2010_003062 0.010 119.4 145.9 183.5 250.8
2010_003084 0.011 453.6 173.7 472.7 192.6
2010_003084 0.010 483.5 170.2 496.0 192.8
2010_003138 0.012 8.6 18.9 453.6 361.7
2010_003157 0.030 26.3 247.9 250.5 368.6
2010_003241 0.020 359.0 109.2 422.0 191.1
2010_003241 0.011 8.6 119.1 485.5 326.8
2010_003252 0.011 263.4 74.4 501.0 263.7
2010_003353 0.018 67.2 147.9 136.8 211.6
2010_003367 0.016 92.5 134.7 303.1 374.8
2010_003372 0.010 13.9 237.9 421.7 386.6
2010_003437 0.999 201.7 314.3 406.7 486.5
2010_003437 0.019 331.6 329.2 416.9 429.1
2010_003437 0.015 294.0 387.0 375.5 488.5
2010_003437 0.014 206.9 308.2 281.9 424.6
2010_003437 0.012 258.5 323.3 399.2 403.4
2010_003437 0.012 302.6 335.4 428.9 475.6
2010_003478 0.011 319.3 201.4 389.5 262.4
2010_003491 0.011 302.4 187.1 348.3 219.6
2010_003546 0.011 13.1 334.1 60.9 356.3
2010_003549 0.014 76.2 2.2 137.3 34.4
2010_003574 0.017 252.0 173.3 314.2 239.0
2010_003574 0.015 4.0 136.0 24.0 180.1
2010_003576 0.013 209.4 63.4 488.3 337.2
2010_003651 0.071 80.3 190.5 460.6 321.2
2010_003656 0.999 25.4 74.0 471.0 307.9
2010_003656 0.021 175.1 64.1 447.5 231.3
2010_003656 0.014 318.4 53.3 471.0 228.8
2010_003670 0.968 10.3 105.6 226.3 356.7
2010_003671 0.026 115.0 230.6 347.9 268.6
2010_003686 0.018 372.6 274.0 394.4 307.3
2010_003798 0.999 207.4 124.2 497.6 310.7
2010_003798 0.996 45.8 141.0 279.1 359.5
2010_003798 0.049 83.4 96.2 220.7 200.5
2010_003798 0.038 65.4 135.2 263.7 250.4
2010_003798 0.022 65.8 153.6 197.8 217.7
2010_003798 0.021 209.8 127.1 351.9 273.0
2010_003798 0.017 429.7 152.8 602.6 289.1
2010_003798 0.016 165.0 117.7 297.1 302.5
2010_003798 0.015 428.6 154.1 501.0 274.7
2010_003798 0.015 135.4 135.6 218.2 190.3
2010_003798 0.015 221.2 139.8 291.2 277.4
2010_003798 0.014 296.6 196.2 372.1 255.2
2010_003798 0.012 41.1 187.6 100.1 301.0
2010_003798 0.011 54.3 203.1 143.2 287.3
2010_003798 0.011 329.7 146.0 507.4 289.3
2010_003798 0.010 220.9 174.2 285.4 235.5
2010_003799 0.332 114.8 225.2 353.7 356.9
2010_003799 0.017 259.3 288.4 350.0 346.7
2010_003799 0.013 197.8 241.7 354.2 301.4
2010_003799 0.012 124.1 242.1 284.6 303.6
2010_003804 0.971 -6.7 -4.0 519.2 324.4
2010_003804 0.011 205.7 13.1 508.9 243.1
2010_003804 0.010 370.1 12.5 505.0 236.1
2010_003844 0.020 -1.7 103.0 296.6 283.6
2010_003874 0.022 264.4 170.2 315.9 209.2
2010_003874 0.011 238.8 239.8 331.7 303.8
2010_003875 0.027 -2.3 17.3 508.8 293.6
2010_003891 0.070 125.9 223.2 178.8 256.8
2010_003891 0.044 115.7 219.1 192.2 271.8
2010_003891 0.023 130.0 207.5 179.2 246.8
2010_003891 0.017 129.4 227.1 157.2 251.5
2010_003891 0.016 130.2 195.2 207.0 254.0
2010_003891 0.013 160.0 204.9 209.1 243.5
2010_003894 0.011 10.9 10.8 492.4 375.9
2010_003911 0.029 174.3 145.5 329.0 259.5
2010_003982 0.014 252.7 141.4 316.1 195.5
2010_003982 0.013 220.6 142.5 293.9 195.6
2010_003994 0.052 82.7 12.9 441.5 292.3
2010_003995 0.024 -3.8 48.6 475.7 273.8
2010_004002 0.013 5.2 42.4 491.8 374.3
2010_004028 0.054 386.5 104.6 460.2 218.2
2010_004028 0.017 286.1 60.3 414.8 324.0
2010_004028 0.014 276.8 246.6 318.9 317.4
2010_004072 0.997 31.0 25.0 449.1 322.7
2010_004072 0.017 28.1 121.7 142.8 309.0
2010_004072 0.014 337.8 105.4 462.4 302.4
2010_004072 0.011 331.4 33.7 469.9 213.9
2010_004118 0.322 273.2 169.9 383.7 233.9
2010_004118 0.011 7.1 -11.1 489.6 195.9
2010_004154 0.942 34.9 76.2 469.8 283.0
2010_004154 0.027 273.2 232.8 431.6 282.2
2010_004154 0.012 30.9 116.5 248.8 279.1
2010_004154 0.012 273.3 179.3 451.0 281.0
2010_004168 0.012 46.1 94.2 485.2 228.9
2010_004180 0.011 0.3 126.7 162.0 238.9
2010_004204 0.848 75.5 40.5 469.0 309.5
2010_004204 0.762 58.4 39.1 301.0 211.1
2010_004204 0.055 66.3 43.9 201.7 178.5
2010_004204 0.014 74.2 40.7 166.5 125.5
2010_004244 0.169 232.2 163.4 330.5 205.0
2010_004244 0.015 281.0 169.8 332.6 200.9
2010_004333 0.020 277.5 261.9 358.4 322.5
2010_004366 0.082 226.1 232.7 295.4 285.6
2010_004385 0.719 6.0 68.5 498.8 298.2
2010_004385 0.608 6.2 116.3 261.7 292.2
2010_004412 0.033 450.3 0.8 498.6 39.1
2010_004476 0.010 17.7 75.6 412.7 267.0
2010_004511 0.999 74.2 53.9 294.5 235.2
2010_004511 0.029 229.2 124.2 295.0 202.7
2010_004518 0.033 7.8 107.8 284.8 437.5
2010_004521 0.016 119.7 171.5 401.4 266.2
2010_004569 0.034 370.8 212.5 452.3 316.5
2010_004569 0.024 140.2 141.3 447.1 309.9
2010_004609 0.998 17.5 4.5 474.1 375.3
2010_004609 0.066 223.5 -1.2 474.4 134.2
2010_004609 0.041 238.3 13.0 475.9 301.5
2010_004609 0.014 331.9 1.5 514.6 120.3
2010_004609 0.013 95.4 1.2 388.5 118.2
2010_004609 0.011 404.7 50.9 471.1 175.5
2010_004694 0.079 38.5 84.2 287.7 310.7
2010_004694 0.057 61.6 95.6 260.2 201.7
2010_004694 0.054 248.3 63.5 488.9 367.4
2010_004694 0.013 230.4 93.7 443.7 211.9
2010_004694 0.010 124.7 92.9 428.1 355.2
2010_004704 0.018 190.2 456.0 216.2 500.2
2010_004777 0.018 178.2 222.8 199.9 247.7
2010_004808 0.019 33.9 40.9 62.4 72.5
2010_004808 0.010 84.8 58.8 132.6 115.2
2010_004826 0.963 114.3 -5.4 460.9 350.2
2010_004826 0.015 272.9 8.4 359.6 84.6
2010_004838 0.013 73.3 128.3 335.9 429.5
2010_004871 0.137 71.9 149.3 246.0 372.0
2010_004896 0.995 52.0 41.5 434.8 282.6
2010_004896 0.025 285.3 180.5 440.3 270.8
2010_004896 0.025 286.8 9.2 515.3 210.1
2010_004896 0.021 87.4 52.2 209.5 150.5
2010_004896 0.014 279.7 174.0 343.7 222.4
2010_004896 0.013 87.9 78.1 301.9 180.8
2010_004896 0.010 106.7 1.7 266.3 110.9
2010_004918 0.020 176.2 249.9 211.8 307.1
2010_004918 0.017 473.7 150.3 499.4 182.6
2010_004918 0.013 382.9 310.7 449.8 335.4
2010_004918 0.011 184.1 200.3 238.1 267.0
2010_004974 0.067 67.2 55.6 494.9 319.9
2010_004995 0.011 14.6 96.3 65.9 202.9
2010_005022 0.012 152.2 54.7 474.0 173.4
2010_005072 0.054 206.6 44.8 353.1 253.0
2010_005072 0.020 262.0 163.7 338.6 238.5
2010_005072 0.011 269.7 104.3 335.2 226.8
2010_005080 0.499 2.6 105.6 65.4 277.1
2010_005080 0.019 109.2 139.8 281.6 428.5
2010_005111 0.098 12.6 124.8 389.9 481.8
2010_005111 0.019 248.3 146.0 301.0 182.3
2010_005129 0.042 107.3 136.4 178.5 177.3
2010_005170 0.980 122.8 147.8 483.2 343.0
2010_005170 0.030 144.3 148.5 393.5 267.3
2010_005170 0.025 113.1 165.7 305.5 326.5
2010_005170 0.024 287.3 197.5 466.5 338.1
2010_005170 0.019 232.0 138.4 317.5 210.6
2010_005170 0.014 64.1 142.2 200.1 332.4
2010_005170 0.011 36.5 184.0 262.3 298.8
2010_005170 0.011 136.1 132.3 393.4 200.2
2010_005217 0.013 226.6 135.9 264.2 209.4
2010_005238 0.020 137.1 138.9 171.1 185.5
2010_005238 0.014 145.3 148.0 178.9 177.2
2010_005270 0.069 253.6 202.1 341.0 275.0
2010_005306 0.971 171.2 68.1 315.8 138.5
2010_005306 0.140 169.6 52.9 297.0 105.5
2010_005306 0.125 176.2 92.1 254.1 141.1
2010_005306 0.031 229.7 80.5 312.4 132.9
2010_005306 0.014 164.6 22.5 290.6 79.2
2010_005308 0.013 58.9 28.0 494.6 331.2
2010_005349 0.022 -2.2 37.0 39.9 100.5
2010_005352 0.013 131.0 15.5 428.5 328.5
2010_005388 0.974 28.9 117.6 313.9 472.0
2010_005388 0.020 24.9 130.5 200.9 249.8
2010_005388 0.011 162.6 84.9 311.0 188.9
2010_005535 0.061 211.5 -1.7 506.3 205.4
2010_005540 0.051 154.7 77.2 318.8 408.7
2010_005540 0.033 267.0 177.1 317.3 345.0
2010_005557 0.019 7.0 6.8 198.2 421.4
2010_005578 0.997 14.1 11.6 491.1 335.0
2010_005578 0.066 387.2 61.4 507.8 320.6
2010_005578 0.030 207.6 223.1 264.8 286.3
2010_005578 0.015 -3.1 51.0 168.1 306.1
2010_005578 0.015 209.3 264.4 299.4 324.6
2010_005578 0.012 198.5 292.0 317.1 332.8
2010_005578 0.011 0.3 110.8 80.6 324.8
2010_005578 0.010 317.1 3.2 477.0 177.2
2010_005591 0.030 116.1 47.2 356.6 369.1
2010_005597 0.988 98.0 147.4 324.2 337.5
2010_005597 0.904 322.6 167.9 506.0 336.3
2010_005597 0.040 29.8 140.0 149.9 318.5
2010_005597 0.040 63.5 127.8 112.3 229.4
2010_005597 0.027 62.9 171.8 197.1 319.0
2010_005597 0.026 61.9 149.8 124.4 282.3
2010_005597 0.024 81.2 156.1 249.9 280.3
2010_005597 0.020 230.0 160.9 341.7 252.2
2010_005597 0.017 178.5 169.7 317.3 295.4
2010_005597 0.012 47.7 107.1 102.3 207.2
2010_005597 0.011 80.0 163.9 152.9 292.3
2010_005597 0.011 40.4 167.7 98.9 306.2
2010_005597 0.011 342.0 153.3 371.6 204.5
2010_005608 0.024 468.6 311.6 501.8 366.0
2010_005608 0.023 430.8 314.0 495.1 371.0
2010_005608 0.018 463.4 332.6 498.5 373.2
2010_005608 0.011 473.6 133.4 499.4 201.0
2010_005614 0.112 29.0 15.4 421.1 378.0
2010_005665 0.363 382.2 175.5 442.1 277.9
2010_005665 0.015 381.8 133.2 433.7 236.9
2010_005665 0.012 369.4 184.1 456.4 240.4
2010_005683 0.020 21.5 -4.4 495.6 355.7
2010_005696 0.229 12.5 143.0 250.2 275.9
2010_005696 0.027 163.3 160.8 256.0 261.3
2010_005696 0.017 284.0 200.2 380.2 272.5
2010_005696 0.013 299.8 167.6 422.0 269.8
2010_005696 0.012 4.3 147.9 72.3 196.9
2010_005696 0.010 354.7 171.5 439.0 243.1
2010_005696 0.010 326.4 177.0 502.1 335.5
2010_005716 0.980 43.9 33.6 508.7 335.4
2010_005716 0.033 21.9 65.0 253.9 321.2
2010_005716 0.029 193.2 137.1 488.5 332.6
2010_005716 0.016 379.3 262.3 451.1 327.2
2010_005716 0.014 395.8 227.7 495.1 320.5
2010_005753 0.013 22.5 20.6 493.6 255.5
2010_005775 0.043 139.9 49.9 359.2 303.1
2010_005775 0.012 212.8 145.7 380.4 298.8
2010_005782 0.843 23.4 116.0 495.1 341.9
2010_005825 0.012 3.4 74.8 369.3 286.7
2010_005845 0.257 70.9 39.9 400.2 372.6
2010_005845 0.068 318.3 209.5 499.2 366.8
2010_005845 0.066 94.1 152.7 317.3 386.4
2010_005845 0.018 70.6 26.3 309.7 218.0
2010_005865 0.081 83.2 227.4 120.4 281.7
2010_005874 0.011 92.4 245.2 159.4 321.0
2010_005906 0.021 220.4 339.9 271.8 428.9
2010_005906 0.013 17.3 8.9 337.7 458.7
2010_005909 0.014 197.4 103.5 313.9 344.6
2010_005927 0.988 119.4 84.8 367.8 298.6
2010_005927 0.092 292.2 115.6 360.8 236.5
2010_005927 0.074 438.1 104.8 502.4 212.5
2010_005927 0.046 139.2 33.6 454.3 236.9
2010_005927 0.028 309.2 112.0 340.8 156.5
2010_005927 0.021 200.0 121.8 352.0 254.8
2010_005927 0.020 274.8 69.1 504.2 257.0
2010_005927 0.017 161.0 92.0 306.7 217.5
2010_005927 0.014 260.2 144.0 380.0 287.3
2010_005927 0.011 114.5 122.0 194.6 246.4
2010_005927 0.011 306.5 140.4 492.6 287.8
2010_005932 0.015 101.7 117.2 129.8 141.0
2010_005932 0.010 85.3 116.4 106.2 136.2
2010_005954 0.012 463.4 116.6 500.3 153.4
2010_005974 0.992 28.5 14.6 306.5 472.3
2010_005974 0.020 180.3 1.1 335.1 144.8
2010_005974 0.018 10.3 20.3 197.3 248.7
2010_005974 0.013 89.1 17.9 310.3 247.0
2010_005974 0.011 180.5 194.1 284.0 462.9
2010_006012 0.012 385.2 56.3 407.5 101.0
2010_006023 0.023 270.2 224.3 358.8 302.4
2010_006023 0.011 270.0 149.0 493.4 328.9
2011_000017 0.010 293.4 93.6 332.9 132.9
2011_000052 0.022 199.3 211.1 224.1 241.3
2011_000052 0.016 265.7 171.9 337.5 251.2
2011_000052 0.013 198.2 207.1 243.5 244.9
2011_000058 0.010 340.0 212.8 413.4 262.1
2011_000068 0.788 33.0 50.9 473.3 307.0
2011_000069 0.034 151.9 96.8 402.9 341.2
2011_000069 0.029 103.0 156.7 160.9 311.3
2011_000069 0.014 233.8 79.1 397.0 182.5
2011_000152 0.031 458.6 169.3 492.8 233.3
2011_000152 0.020 472.9 174.3 498.4 230.8
2011_000196 0.087 65.9 -6.2 503.1 328.8
2011_000241 0.035 20.7 12.4 247.0 482.4
2011_000249 0.236 432.7 134.3 497.2 211.4
2011_000249 0.013 467.2 124.3 504.7 212.5
2011_000267 0.044 174.9 104.2 448.9 195.5
2011_000376 0.018 105.2 28.2 211.8 90.7
2011_000376 0.014 114.5 55.4 173.9 88.3
2011_000388 0.631 206.4 154.7 267.5 254.3
2011_000388 0.325 399.3 162.9 499.9 365.7
2011_000388 0.054 221.4 124.7 514.0 325.1
2011_000388 0.035 189.2 133.1 284.1 288.1
2011_000388 0.034 202.8 118.1 403.9 251.0
2011_000388 0.027 206.9 131.6 279.6 217.1
2011_000388 0.027 295.6 121.6 339.6 162.4
2011_000388 0.020 235.9 115.3 324.1 181.8
2011_000388 0.014 246.7 138.0 304.2 245.5
2011_000388 0.014 180.1 135.6 238.5 240.4
2011_000388 0.011 213.2 193.6 256.2 257.5
2011_000388 0.011 258.7 134.1 499.5 241.2
2011_000392 0.037 91.5 201.3 507.7 295.1
2011_000398 0.016 85.4 172.9 219.2 257.2
2011_000442 0.012 3.3 3.7 88.9 68.8
2011_000454 0.999 62.9 117.7 458.5 362.3
2011_000454 0.081 346.0 107.5 464.4 333.0
2011_000454 0.030 166.4 55.7 370.3 336.8
2011_000454 0.018 378.4 158.0 501.5 349.1
2011_000491 0.013 129.9 124.4 478.0 259.8
2011_000509 0.016 278.4 116.7 356.5 229.7
2011_000509 0.012 371.6 332.6 412.3 377.3
2011_000513 0.848 84.7 17.8 475.9 321.5
2011_000513 0.012 49.3 133.2 189.1 249.1
2011_000534 0.037 10.8 52.7 424.2 381.4
2011_000534 0.033 -17.5 -10.9 231.1 327.3
2011_000534 0.013 311.3 71.9 489.3 378.6
2011_000538 0.012 22.0 15.6 333.4 496.7
2011_000558 0.998 98.0 53.2 342.9 334.4
2011_000558 0.045 122.4 46.6 344.8 192.0
2011_000558 0.016 103.3 80.8 198.1 194.1
2011_000558 0.011 212.9 42.0 348.8 269.9
2011_000673 0.021 112.8 162.5 141.8 204.0
2011_000673 0.017 75.9 169.5 144.8 205.5
2011_000698 0.011 156.8 64.6 329.5 169.9
2011_000711 0.054 428.1 202.0 494.2 283.5
2011_000711 0.012 461.2 204.9 495.4 269.5
2011_000757 0.019 248.0 176.6 274.3 224.3
2011_000759 0.386 239.1 191.0 307.5 298.0
2011_000759 0.083 23.1 67.9 447.9 281.7
2011_000759 0.050 179.4 186.6 218.0 227.8
2011_000759 0.044 214.1 172.3 342.1 303.5
2011_000759 0.016 223.5 152.6 297.5 248.6
2011_000759 0.015 184.5 177.3 240.5 229.6
2011_000759 0.013 192.8 218.6 396.4 309.5
2011_000759 0.013 272.0 158.6 404.5 310.7
2011_000759 0.013 266.0 200.5 334.7 294.2
2011_000759 0.011 283.4 215.6 321.4 256.4
2011_000759 0.011 171.3 179.0 296.0 228.9
2011_000759 0.010 195.3 154.2 381.3 253.7
2011_000815 0.069 22.7 18.6 506.4 345.0
2011_000839 0.098 101.6 93.6 369.0 305.8
2011_000839 0.068 57.7 127.1 181.5 290.0
2011_000839 0.058 27.1 64.8 152.7 301.8
2011_000839 0.050 157.1 243.7 205.3 290.1
2011_000839 0.024 91.3 97.4 485.5 411.6
2011_000839 0.021 170.8 232.3 217.8 280.1
2011_000839 0.016 250.0 214.1 295.6 259.9
2011_000839 0.015 98.9 132.8 234.4 284.1
2011_000839 0.014 51.7 35.7 273.5 277.0
2011_000839 0.011 151.1 230.7 191.7 282.8
2011_000840 0.879 4.7 7.8 368.1 508.4
2011_000858 0.039 352.4 128.3 481.1 238.9
2011_000858 0.014 387.5 164.4 478.7 251.0
2011_000858 0.011 328.5 79.0 462.7 219.5
2011_000859 0.019 6.8 123.9 87.0 188.2
2011_000898 0.013 39.5 86.1 79.1 132.9
2011_000973 0.019 119.4 113.8 187.1 235.3
2011_000983 0.724 90.2 133.6 418.6 334.6
2011_000983 0.014 70.6 182.1 277.7 330.7
2011_000983 0.013 87.1 196.8 157.6 319.4
2011_000983 0.013 10.8 174.3 152.4 335.5
2011_001009 0.833 5.9 -3.6 333.5 489.1
2011_001011 0.013 26.8 250.6 107.3 312.9
2011_001016 0.978 83.3 6.9 437.8 351.7
2011_001016 0.078 -5.0 40.1 115.0 354.9
2011_001016 0.049 79.0 88.2 201.6 277.5
2011_001016 0.014 13.1 15.7 124.9 215.0
2011_001016 0.013 62.9 24.5 200.2 208.7
2011_001016 0.012 11.6 123.6 157.5 293.0
2011_001016 0.011 92.0 98.1 161.9 241.0
2011_001080 0.051 81.2 277.6 118.8 312.4
2011_001093 0.011 204.6 25.9 265.7 89.1
2011_001093 0.010 198.5 36.6 294.7 109.9
2011_001135 0.986 28.4 107.0 347.2 373.2
2011_001135 0.042 78.9 114.2 315.0 247.1
2011_001135 0.028 219.5 217.5 242.9 274.1
2011_001135 0.014 15.5 129.9 141.7 342.7
2011_001135 0.010 189.0 231.7 224.9 279.0
2011_001166 0.024 454.6 324.6 498.9 362.7
2011_001192 0.020 27.9 6.9 314.5 502.3
2011_001208 0.028 355.2 171.9 410.4 249.2
2011_001208 0.015 142.4 190.4 342.5 273.3
2011_001216 0.016 320.3 347.4 376.0 456.8
2011_001216 0.012 198.6 126.1 260.4 198.9
2011_001246 0.015 234.2 3.6 373.2 60.0
2011_001246 0.010 306.6 -1.7 368.5 52.3
2011_001253 0.013 166.1 226.4 207.1 268.9
2011_001254 0.036 71.0 39.9 291.5 420.2
2011_001277 0.023 76.4 171.5 318.0 500.6
2011_001381 0.068 204.2 231.0 243.8 273.7
2011_001381 0.036 220.7 240.8 248.6 277.7
2011_001381 0.015 287.6 216.2 365.8 275.9
2011_001381 0.011 225.2 234.1 280.6 289.2
2011_001382 0.012 101.4 67.3 167.9 137.5
2011_001402 0.012 451.4 241.4 496.6 286.0
2011_001414 0.174 22.4 108.3 274.1 249.7
2011_001414 0.022 120.3 142.0 255.8 242.1
2011_001414 0.015 180.9 161.5 265.5 241.3
2011_001451 0.025 162.2 282.0 248.5 329.5
2011_001464 0.046 345.0 202.8 406.6 259.0
2011_001464 0.015 355.6 207.6 386.1 263.7
2011_001475 0.012 318.6 195.1 380.9 254.2
2011_001475 0.011 101.7 41.1 157.1 97.9
2011_001514 0.086 202.9 335.3 237.6 384.1
2011_001514 0.028 135.5 337.6 228.6 380.7
2011_001514 0.024 146.1 349.7 183.7 382.2
2011_001514 0.021 170.4 348.7 205.2 382.6
2011_001514 0.016 132.7 351.0 166.2 381.7
2011_001514 0.015 25.3 346.7 38.5 369.0
2011_001514 0.015 184.5 332.0 213.4 379.0
2011_001514 0.013 160.4 336.8 191.9 377.2
2011_001514 0.011 135.9 337.4 173.5 374.3
2011_001514 0.011 79.9 345.7 105.9 371.5
2011_001536 0.778 13.0 32.7 493.1 283.5
2011_001536 0.038 203.5 51.9 324.7 124.0
2011_001536 0.014 154.0 50.3 427.9 129.3
2011_001536 0.013 67.6 37.4 327.4 136.9
2011_001536 0.012 251.1 48.6 495.5 231.7
2011_001606 0.107 399.6 150.7 477.4 210.2
2011_001606 0.016 401.0 171.7 445.9 205.1
2011_001606 0.011 476.4 162.2 496.4 199.4
2011_001622 0.014 156.4 175.5 248.3 230.4
2011_001653 0.029 253.6 376.1 284.7 456.5
2011_001653 0.016 337.7 384.3 368.4 452.2
2011_001673 0.982 230.6 148.3 423.4 257.5
2011_001673 0.509 119.6 164.8 197.0 254.8
2011_001673 0.128 279.8 145.7 372.6 210.5
2011_001673 0.105 357.0 136.2 421.3 211.3
2011_001673 0.080 126.5 115.3 228.5 250.4
2011_001673 0.078 314.4 143.1 400.2 203.7
2011_001673 0.058 162.7 138.0 332.6 259.8
2011_001673 0.054 98.9 143.9 154.4 250.9
2011_001673 0.045 345.8 154.2 428.2 244.1
2011_001673 0.041 369.7 155.9 415.4 190.5
2011_001673 0.037 294.4 187.6 430.6 247.3
2011_001673 0.036 194.8 150.7 255.7 241.5
2011_001673 0.031 383.7 137.9 437.6 239.0
2011_001673 0.030 160.7 174.2 229.0 257.7
2011_001673 0.026 321.3 126.2 408.0 178.2
2011_001698 0.016 274.9 118.6 349.9 225.1
2011_001698 0.014 12.6 38.1 55.0 84.4
2011_001698 0.013 268.2 112.5 333.3 178.5
2011_001698 0.010 34.4 41.2 56.4 83.3
2011_001740 0.825 8.9 23.6 494.9 356.0
2011_001740 0.022 14.3 42.9 190.6 237.4
2011_001753 0.065 145.9 184.4 318.2 310.9
2011_001753 0.019 156.5 181.3 305.1 239.0
2011_001765 0.029 370.2 206.2 498.8 333.0
2011_001779 0.948 46.5 60.3 369.3 304.8
2011_001779 0.051 54.0 162.5 185.1 306.6
2011_001779 0.011 209.0 113.9 355.6 286.6
2011_001799 0.535 293.9 75.8 347.9 133.9
2011_001799 0.447 113.6 90.6 169.5 141.3
2011_001799 0.258 107.8 71.5 143.5 133.5
2011_001799 0.089 105.4 92.9 131.7 137.4
2011_001799 0.075 322.8 90.6 349.7 131.8
2011_001799 0.028 305.6 94.2 372.0 153.6
2011_001799 0.021 117.2 58.2 185.3 139.3
2011_001799 0.019 342.9 101.9 370.9 144.2
2011_001799 0.019 138.1 98.5 173.8 139.3
2011_001799 0.018 341.0 101.5 398.2 155.3
2011_001799 0.015 369.6 106.9 391.5 149.7
2011_001799 0.014 348.3 92.0 366.6 131.0
2011_001799 0.013 139.1 54.2 213.7 134.0
2011_001799 0.013 329.2 119.2 379.4 154.4
2011_001799 0.013 319.7 110.9 358.4 138.0
2011_001799 0.013 468.4 78.1 500.9 212.6
2011_001799 0.012 365.5 101.0 427.1 157.4
2011_001799 0.011 143.7 75.3 367.9 266.7
2011_001799 0.011 359.4 102.0 382.1 148.0
2011_001810 0.011 24.7 136.4 500.0 296.3
2011_001928 0.015 259.6 222.4 470.5 312.0
2011_001929 0.023 410.3 250.2 433.5 284.3
2011_001956 0.971 46.7 28.3 488.8 359.1
2011_001956 0.098 46.9 24.4 213.7 175.3
2011_001956 0.038 27.4 10.2 281.3 265.8
2011_001956 0.018 102.7 9.9 365.7 124.1
2011_001964 0.830 31.1 69.8 296.7 349.8
2011_001964 0.023 142.3 144.9 309.8 341.9
2011_001971 0.030 184.7 145.1 245.3 261.7
2011_001987 0.034 141.3 91.0 172.3 139.4
2011_001987 0.020 209.7 219.4 339.3 370.6
2011_002050 0.038 328.1 165.5 368.9 190.6
2011_002050 0.022 341.1 168.5 382.7 192.6
2011_002050 0.018 311.5 157.8 379.9 195.8
2011_002050 0.011 315.5 172.2 354.8 194.2
2011_002131 0.012 376.4 167.8 413.8 203.2
2011_002359 0.017 21.9 304.5 96.7 363.3
2011_002418 0.856 143.7 97.9 494.2 334.2
2011_002418 0.112 137.4 107.0 406.9 225.7
2011_002435 0.019 246.2 -0.6 318.6 77.1
2011_002435 0.016 319.1 -2.8 501.1 174.4
2011_002435 0.015 302.7 -1.4 383.3 68.4
2011_002458 0.014 1.8 388.9 47.2 443.6
2011_002460 0.054 51.7 263.5 177.2 318.6
2011_002462 0.048 84.6 245.2 288.3 464.1
2011_002492 0.019 19.4 13.3 365.2 500.5
2011_002503 0.017 317.7 247.1 383.7 318.7
2011_002503 0.013 306.3 152.6 432.5 365.9
2011_002533 0.028 402.1 130.7 500.9 216.2
2011_002567 0.029 108.1 242.2 184.8 302.2
2011_002567 0.016 135.7 232.3 171.1 288.5
2011_002594 0.770 6.6 75.2 373.7 461.8
2011_002594 0.096 -0.2 30.4 356.5 239.3
2011_002594 0.024 -6.2 236.2 288.0 502.9
2011_002594 0.015 -2.1 26.7 144.5 220.3
2011_002606 0.812 6.7 45.6 320.8 498.2
2011_002606 0.069 19.9 2.5 203.0 154.8
2011_002606 0.062 2.7 36.4 138.3 199.5
2011_002606 0.013 9.6 61.6 244.2 182.2
2011_002606 0.012 -5.9 2.3 104.6 145.8
2011_002606 0.012 55.6 -1.8 277.2 87.3
2011_002606 0.010 9.9 9.6 245.4 329.9
2011_002620 0.943 191.4 140.1 369.1 242.4
2011_002620 0.054 190.8 169.5 285.1 236.7
2011_002620 0.021 267.4 152.2 403.5 250.4
2011_002620 0.011 304.7 167.3 379.8 244.0
2011_002620 0.011 332.8 158.9 506.2 253.9
2011_002620 0.010 229.7 121.3 364.5 206.2
2011_002706 0.022 443.9 313.3 507.2 380.6
2011_002719 0.017 303.1 121.2 364.1 259.0
2011_002719 0.011 144.3 177.3 199.5 284.5
2011_002752 0.337 90.7 133.5 375.1 284.2
2011_002752 0.012 114.3 108.4 359.8 204.5
2011_002776 0.013 4.5 174.8 77.3 262.2
2011_002808 0.030 -3.9 30.2 528.8 354.4
2011_002851 0.835 198.9 146.9 384.6 350.0
2011_002851 0.011 266.1 61.9 394.5 325.9
2011_002851 0.011 274.3 149.0 348.7 308.8
2011_002851 0.011 216.1 174.1 302.6 301.0
2011_002872 0.015 95.4 284.0 136.2 315.0
2011_002884 0.660 11.1 6.7 302.4 477.4
2011_002884 0.016 122.4 8.6 306.9 140.7
2011_002884 0.014 190.2 192.9 353.9 410.9
2011_002920 0.029 162.4 174.1 503.7 297.8
2011_002935 0.078 104.3 233.1 177.7 294.8
2011_002935 0.026 99.0 248.9 137.0 297.3
2011_002935 0.018 62.2 237.2 134.6 298.6
2011_002935 0.012 102.5 192.1 165.7 259.6
2011_002935 0.010 55.6 78.2 126.1 146.8
2011_002937 0.018 73.9 1.6 138.5 40.3
2011_002958 0.968 18.1 8.6 488.2 324.8
2011_002958 0.052 290.9 4.8 502.7 190.7
2011_002958 0.036 20.5 9.8 254.9 201.2
2011_002958 0.035 190.3 110.2 481.5 314.0
2011_002958 0.034 398.3 26.7 502.8 221.9
2011_002958 0.019 6.4 159.1 127.9 281.4
2011_002958 0.017 5.9 102.8 250.4 296.1
2011_002958 0.016 102.2 -0.0 253.0 145.9
2011_002958 0.014 271.3 15.0 386.5 138.1
2011_002958 0.013 432.1 20.5 503.8 148.2
2011_002958 0.013 76.4 210.7 119.9 261.3
2011_002958 0.012 195.1 6.2 427.7 182.1
2011_002958 0.012 -11.3 104.7 93.9 297.0
2011_002958 0.011 9.3 53.7 139.6 262.3
2011_002958 0.010 160.6 32.5 247.7 100.5
2011_002958 0.010 20.3 213.9 90.1 275.7
2011_002965 0.018 147.1 57.9 223.4 130.7
2011_002979 0.062 0.5 221.0 35.3 291.0
2011_003010 0.016 259.3 81.5 491.2 248.1
2011_003025 0.039 21.3 25.2 129.5 275.1
2011_003025 0.012 280.8 48.7 344.5 131.3
2011_003034 0.067 202.9 336.8 334.9 377.0
2011_003074 0.011 234.2 112.8 310.3 184.0
2011_003091 0.072 334.7 118.7 466.2 305.5
2011_003091 0.024 321.9 57.2 396.2 131.5
2011_003091 0.014 334.8 71.4 385.2 119.7
2011_003132 0.157 100.6 66.8 482.7 306.7
2011_003171 0.094 291.6 97.7 495.3 264.4
2011_003171 0.088 358.1 111.1 462.6 172.3
2011_003171 0.050 275.3 17.8 494.8 212.2
2011_003171 0.030 65.7 49.0 467.8 286.4
2011_003171 0.019 375.0 65.1 507.7 233.7
2011_003171 0.012 309.1 118.2 460.5 219.0
2011_003171 0.010 326.3 143.6 477.2 334.0
2011_003187 0.029 63.9 170.7 114.9 211.8
2011_003187 0.023 62.7 150.0 91.0 203.0
2011_003187 0.012 63.0 140.5 127.4 208.2
2011_003187 0.011 47.4 132.0 311.3 288.0
2011_003194 0.017 417.0 292.9 459.2 333.7
2011_003255 0.999 1.4 110.4 478.8 402.2
2011_003255 0.196 315.2 157.2 484.6 348.5
2011_003255 0.020 385.3 99.4 502.6 343.2
2011_003255 0.018 309.7 94.8 485.8 251.2
2011_003255 0.016 368.6 221.5 505.5 372.1
2011_003255 0.013 249.4 154.2 502.8 267.9
2011_003255 0.011 23.0 93.5 268.6 337.9
