2008_000023 0.015 364.6 170.8 394.2 200.9
2008_000033 0.070 5.7 146.4 482.6 283.7
2008_000036 0.010 153.3 93.3 347.7 351.1
2008_000041 0.020 418.9 160.3 494.0 233.3
2008_000060 0.013 173.4 230.4 262.9 287.3
2008_000093 0.157 2.6 64.3 365.7 397.0
2008_000099 0.022 44.0 194.2 278.4 285.7
2008_000105 0.541 83.6 25.4 498.6 308.0
2008_000105 0.021 70.3 43.8 265.1 312.7
2008_000105 0.011 4.3 6.1 48.4 42.5
2008_000112 0.124 214.1 70.1 402.1 287.2
2008_000112 0.014 205.7 72.8 293.4 274.3
2008_000132 0.028 295.0 154.1 359.4 318.4
2008_000181 0.031 316.7 346.4 370.6 423.9
2008_000181 0.011 334.7 349.6 360.5 401.2
2008_000187 0.011 250.3 20.3 307.1 97.3
2008_000191 0.169 52.8 44.8 429.9 476.2
2008_000192 0.013 227.4 324.2 326.8 436.3
2008_000217 0.014 3.1 285.5 43.6 334.9
2008_000227 0.619 85.8 146.3 241.5 239.3
2008_000227 0.052 388.8 156.0 462.9 212.4
2008_000227 0.010 167.2 191.5 225.4 250.2
2008_000262 0.012 7.2 165.6 60.8 230.2
2008_000262 0.011 258.3 177.6 320.3 225.3
2008_000291 0.017 40.4 248.1 80.5 298.0
2008_000297 0.012 274.1 220.7 329.8 268.1
2008_000297 0.012 304.6 221.3 326.7 252.3
2008_000335 0.115 87.9 219.4 149.7 282.3
2008_000335 0.015 290.5 185.1 365.5 258.9
2008_000335 0.014 73.0 216.0 104.2 277.1
2008_000335 0.014 4.6 231.4 35.3 280.4
2008_000335 0.012 -1.5 245.2 62.9 307.8
2008_000348 0.016 210.5 73.9 259.0 114.0
2008_000405 0.894 180.6 210.1 231.0 295.7
2008_000405 0.015 178.9 241.7 217.4 297.2
2008_000416 0.013 51.0 58.3 297.2 509.0
2008_000436 0.026 68.5 26.7 102.4 67.4
2008_000436 0.017 10.7 288.5 335.9 504.9
2008_000436 0.016 121.8 44.8 142.3 73.1
2008_000436 0.015 123.2 31.7 144.9 65.8
2008_000436 0.014 135.3 32.3 150.3 69.7
2008_000436 0.012 59.7 38.7 96.3 73.0
2008_000436 0.012 111.1 31.3 135.5 67.0
2008_000442 0.017 359.7 201.4 473.0 345.8
2008_000442 0.016 214.0 117.3 341.1 365.5
2008_000447 0.012 61.8 172.1 110.9 217.6
2008_000455 0.054 407.2 124.9 439.4 185.1
2008_000455 0.032 255.4 147.3 284.1 197.4
2008_000455 0.020 412.5 101.6 448.8 171.6
2008_000505 0.043 63.7 59.8 317.9 269.5
2008_000514 0.022 124.4 112.9 201.6 158.6
2008_000544 0.017 297.5 130.1 368.6 228.7
2008_000552 0.017 439.7 264.7 499.3 325.3
2008_000583 0.027 378.0 167.9 434.1 275.0
2008_000583 0.011 401.9 177.3 450.4 274.0
2008_000613 0.221 14.6 62.9 303.3 465.5
2008_000619 0.025 30.3 8.2 97.3 67.9
2008_000619 0.010 47.8 12.2 75.9 63.8
2008_000626 0.017 326.0 250.3 356.6 299.1
2008_000626 0.014 311.1 229.5 367.3 297.9
2008_000628 0.017 207.0 214.1 321.8 334.3
2008_000628 0.014 227.8 153.6 339.0 312.6
2008_000655 0.038 80.8 284.8 115.6 371.8
2008_000655 0.023 441.2 301.9 498.2 343.8
2008_000655 0.017 362.9 318.7 428.2 413.4
2008_000655 0.012 392.5 321.2 421.8 411.0
2008_000655 0.011 423.2 121.7 496.8 200.0
2008_000683 0.015 190.8 72.6 452.0 278.5
2008_000719 0.028 20.5 151.5 474.8 263.5
2008_000723 0.052 199.9 210.4 253.4 286.0
2008_000724 0.091 33.8 68.3 377.7 303.7
2008_000726 0.012 223.8 299.1 297.4 373.5
2008_000729 0.014 139.3 297.4 233.3 360.4
2008_000790 0.744 244.3 50.8 351.0 275.7
2008_000790 0.021 252.3 214.5 331.2 272.9
2008_000790 0.014 0.8 165.4 51.2 212.8
2008_000790 0.013 252.2 160.8 351.1 266.8
2008_000790 0.012 292.6 125.7 358.1 263.9
2008_000814 0.033 45.2 6.6 113.2 172.9
2008_000814 0.011 371.8 174.5 442.0 225.8
2008_000824 0.014 57.3 99.2 123.6 128.1
2008_000829 0.026 241.0 140.5 451.6 365.1
2008_000832 0.014 0.2 44.5 263.8 329.4
2008_000844 0.152 207.2 204.3 277.6 229.7
2008_000844 0.013 153.8 139.1 207.0 216.2
2008_000844 0.011 330.0 147.5 403.5 212.8
2008_000851 0.011 202.5 185.9 298.3 256.6
2008_000860 0.024 16.1 -0.8 456.2 331.4
2008_000881 0.198 121.9 330.7 153.1 395.3
2008_000881 0.086 18.3 321.9 57.9 390.5
2008_000881 0.020 13.7 328.5 37.2 383.9
2008_000881 0.019 46.1 317.1 86.7 391.2
2008_000881 0.015 126.1 364.1 157.3 397.4
2008_000883 0.019 131.3 37.2 416.2 311.6
2008_000887 0.015 139.7 131.1 315.1 252.7
2008_000899 0.999 140.7 127.9 315.2 316.8
2008_000899 0.119 275.3 158.3 330.8 291.4
2008_000899 0.024 431.4 143.5 495.7 251.8
2008_000899 0.020 204.6 88.8 302.8 259.9
2008_000899 0.014 254.2 143.3 314.1 279.4
2008_000899 0.010 368.8 145.9 499.9 195.7
2008_000899 0.010 229.5 156.0 293.7 294.5
2008_000905 0.027 244.5 280.3 349.0 343.2
2008_000924 0.603 14.3 -7.6 267.4 387.6
2008_000928 0.012 5.4 142.8 78.7 195.8
2008_000979 0.036 -0.1 234.0 71.9 317.9
2008_000985 0.022 319.6 262.4 343.1 284.3
2008_000999 0.039 239.5 168.5 309.0 219.9
2008_001020 0.016 149.3 255.6 195.2 353.5
2008_001020 0.012 216.1 301.3 265.6 395.7
2008_001047 0.018 149.5 188.5 211.6 256.3
2008_001052 0.024 361.2 121.2 429.6 336.4
2008_001071 0.035 439.3 215.3 503.4 282.8
2008_001083 0.738 463.1 76.4 498.5 133.1
2008_001083 0.222 245.1 94.8 356.1 183.1
2008_001083 0.079 277.0 123.3 345.1 184.1
2008_001083 0.044 470.7 80.8 527.9 132.1
2008_001083 0.019 248.7 118.0 279.5 189.4
2008_001083 0.016 311.9 130.8 341.5 182.6
2008_001083 0.015 0.2 103.5 38.8 243.4
2008_001083 0.015 129.1 122.1 218.8 194.6
2008_001083 0.015 299.8 130.1 328.1 185.7
2008_001083 0.013 242.2 115.6 310.3 187.3
2008_001083 0.012 483.2 84.1 509.8 130.6
2008_001104 0.033 259.3 147.0 320.1 219.0
2008_001106 0.923 29.8 48.6 299.6 209.8
2008_001106 0.022 42.9 112.2 215.5 220.2
2008_001106 0.014 39.2 165.3 153.5 227.0
2008_001106 0.012 49.9 153.4 200.1 203.8
2008_001106 0.011 25.4 191.8 221.5 232.9
2008_001106 0.011 439.9 104.8 500.3 224.7
2008_001106 0.010 18.5 138.1 117.1 209.6
2008_001130 0.010 171.0 10.4 234.3 78.3
2008_001134 0.035 290.5 378.2 322.9 451.0
2008_001134 0.034 313.6 380.9 333.5 451.9
2008_001196 0.012 3.1 345.9 52.5 430.3
2008_001202 0.087 257.1 296.0 308.3 348.8
2008_001202 0.058 57.6 291.8 122.9 361.6
2008_001202 0.010 261.6 312.1 294.6 349.2
2008_001203 0.017 349.3 217.1 405.4 295.0
2008_001299 0.053 -0.2 17.2 374.0 504.7
2008_001310 0.022 334.3 212.8 409.0 276.3
2008_001373 0.018 97.0 89.0 124.2 144.8
2008_001402 0.018 178.4 253.2 240.4 305.0
2008_001479 0.037 452.2 78.1 497.9 133.8
2008_001523 0.017 211.6 133.1 301.8 199.7
2008_001525 0.035 237.1 130.8 286.1 186.4
2008_001529 0.241 169.0 191.4 342.1 377.9
2008_001550 0.010 291.1 163.9 314.1 197.2
2008_001591 0.014 401.0 195.3 453.8 265.0
2008_001601 0.020 231.4 67.8 343.3 224.5
2008_001653 0.015 155.6 296.6 168.3 313.2
2008_001653 0.012 151.2 300.5 180.1 321.4
2008_001694 0.820 33.2 50.2 447.9 377.2
2008_001704 0.592 206.5 74.7 504.8 370.7
2008_001704 0.041 3.9 29.0 133.9 363.4
2008_001704 0.011 49.5 73.4 233.8 365.1
2008_001716 0.030 115.2 271.6 146.4 329.3
2008_001758 0.032 299.5 129.0 368.8 208.0
2008_001775 0.015 143.9 78.0 241.5 301.5
2008_001801 0.013 238.6 121.4 293.0 187.5
2008_001809 0.012 185.2 229.7 254.6 305.7
2008_001809 0.010 310.8 266.0 363.6 320.2
2008_001837 0.010 398.5 101.6 434.1 133.7
2008_001860 0.130 151.5 172.3 320.8 291.0
2008_001866 0.010 226.0 217.7 254.2 256.9
2008_001876 0.041 194.2 283.7 255.0 396.3
2008_001894 0.039 305.4 5.0 354.3 55.7
2008_001896 0.054 200.3 174.1 264.1 225.5
2008_001896 0.034 293.3 181.5 359.9 246.9
2008_001929 0.058 161.9 50.7 234.4 118.9
2008_001937 0.026 4.3 181.2 33.7 268.5
2008_001970 0.069 -2.2 314.5 57.5 376.5
2008_001980 0.011 394.9 30.5 423.4 88.4
2008_002023 0.038 227.5 124.8 312.8 203.1
2008_002023 0.011 194.6 91.9 412.4 200.8
2008_002064 0.033 291.1 117.8 319.8 167.9
2008_002064 0.021 272.4 123.1 327.9 174.9
2008_002064 0.018 101.2 75.9 130.4 118.9
2008_002064 0.016 301.0 122.3 328.8 171.5
2008_002064 0.011 271.5 144.5 296.2 187.3
2008_002094 0.013 280.1 23.5 327.6 103.4
2008_002145 0.039 349.9 291.4 470.2 371.1
2008_002156 0.016 203.3 316.6 266.8 374.1
2008_002182 0.014 3.2 3.4 176.7 232.5
2008_002208 0.014 50.7 182.7 224.1 320.6
2008_002210 0.018 231.4 214.0 279.7 317.2
2008_002210 0.014 10.1 249.6 63.4 335.4
2008_002220 0.018 185.5 134.1 249.7 193.2
2008_002220 0.015 96.5 136.2 163.4 193.5
2008_002220 0.011 121.2 146.5 198.7 197.4
2008_002220 0.011 225.2 141.8 246.8 188.8
2008_002220 0.010 311.7 92.5 374.3 144.7
2008_002229 0.026 141.1 182.4 201.1 250.6
2008_002247 0.014 210.1 43.5 273.4 97.1
2008_002288 0.047 146.8 134.1 211.0 328.3
2008_002288 0.028 293.4 136.3 327.3 214.3
2008_002288 0.011 91.9 130.3 142.2 259.1
2008_002304 0.103 435.4 201.3 491.9 276.7
2008_002304 0.028 475.7 194.7 497.9 261.9
2008_002327 0.013 192.7 166.7 307.0 347.4
2008_002340 0.011 209.2 204.8 344.5 327.2
2008_002344 0.012 121.5 173.1 190.9 244.5
2008_002362 0.037 369.3 224.0 432.3 307.9
2008_002362 0.025 206.9 232.3 285.4 301.6
2008_002362 0.023 191.5 287.6 237.5 313.9
2008_002362 0.013 293.7 225.7 363.4 304.5
2008_002377 0.011 440.8 100.9 502.3 151.8
2008_002399 0.016 401.4 139.0 470.5 211.3
2008_002411 0.011 89.3 132.6 141.6 205.1
2008_002425 0.075 228.8 119.1 278.8 202.9
2008_002425 0.042 78.5 80.8 270.1 287.8
2008_002442 0.011 154.4 195.9 213.9 305.3
2008_002448 0.017 9.4 161.1 39.7 223.4
2008_002458 0.047 121.8 62.2 184.4 89.3
2008_002458 0.022 167.7 64.3 220.0 87.6
2008_002458 0.010 43.8 60.0 104.2 90.8
2008_002466 0.012 243.7 175.9 307.9 221.5
2008_002471 0.011 331.9 254.1 382.9 308.1
2008_002515 0.023 151.3 71.8 213.7 125.0
2008_002547 0.010 294.7 48.8 398.3 108.0
2008_002601 0.013 128.0 80.9 162.2 164.3
2008_002621 0.095 354.8 147.1 407.0 223.4
2008_002621 0.018 367.6 151.9 442.3 219.4
2008_002621 0.016 315.1 131.4 345.9 201.0
2008_002622 0.027 21.8 118.2 465.5 206.3
2008_002625 0.010 44.6 72.5 275.0 346.9
2008_002666 0.041 9.0 106.1 268.5 379.5
2008_002666 0.034 347.8 311.0 382.6 376.5
2008_002666 0.027 270.8 60.7 484.5 364.3
2008_002666 0.022 342.8 307.7 425.8 373.5
2008_002666 0.021 345.4 77.9 448.2 138.6
2008_002668 0.015 235.0 127.1 288.9 191.3
2008_002668 0.012 57.7 60.4 129.9 137.4
2008_002675 0.018 32.1 250.5 101.0 307.3
2008_002704 0.018 297.4 66.6 363.7 125.4
2008_002712 0.014 7.7 172.6 152.7 288.6
2008_002733 0.039 31.7 190.5 102.7 258.5
2008_002733 0.011 271.4 168.3 328.1 244.4
2008_002804 0.016 28.6 143.5 94.2 209.5
2008_002804 0.015 5.2 129.5 68.0 193.3
2008_002804 0.010 31.0 135.5 66.6 181.3
2008_002808 0.702 138.4 71.3 306.5 301.8
2008_002856 0.014 429.2 126.1 493.4 184.9
2008_002856 0.011 137.1 161.9 207.3 218.3
2008_002866 0.011 132.4 130.2 179.4 204.9
2008_002873 0.012 12.6 308.3 86.3 374.9
2008_002890 0.999 39.7 143.7 209.2 268.7
2008_002890 0.993 198.0 135.1 411.3 264.2
2008_002890 0.851 364.4 138.1 495.1 253.5
2008_002890 0.096 222.8 199.8 278.9 264.1
2008_002890 0.020 190.1 208.7 244.3 263.8
2008_002890 0.016 123.9 155.9 256.0 261.8
2008_002890 0.012 107.1 195.3 173.1 260.6
2008_002890 0.012 182.3 165.5 274.5 260.0
2008_002890 0.012 253.7 197.5 289.2 262.6
2008_002891 0.054 422.7 165.6 442.5 206.4
2008_002891 0.029 439.2 164.6 457.4 205.7
2008_002891 0.012 416.1 172.1 454.9 208.5
2008_002891 0.011 417.3 166.5 433.2 201.3
2008_002917 0.188 299.4 212.9 382.6 266.2
2008_002917 0.033 31.7 162.1 299.7 251.1
2008_002951 0.020 209.0 342.5 238.3 419.2
2008_002966 0.016 209.6 144.4 459.1 224.7
2008_002966 0.014 10.7 136.8 276.4 228.2
2008_003013 0.014 328.5 10.7 397.4 83.8
2008_003015 0.044 439.3 190.6 501.0 254.0
2008_003017 0.020 219.1 143.5 285.6 194.3
2008_003017 0.017 261.4 149.0 288.5 192.9
2008_003037 0.061 236.3 99.7 296.2 132.0
2008_003037 0.043 307.0 97.2 344.7 130.3
2008_003037 0.038 38.4 98.9 152.4 160.7
2008_003037 0.020 151.8 101.9 181.9 125.5
2008_003068 0.014 121.1 112.5 416.7 325.8
2008_003093 0.804 103.0 112.7 344.9 298.7
2008_003134 0.234 179.5 79.1 311.7 329.2
2008_003134 0.029 160.2 166.9 377.1 317.3
2008_003134 0.013 183.4 199.6 284.2 303.6
2008_003143 0.114 186.8 126.2 251.8 203.2
2008_003143 0.044 170.5 135.7 240.9 307.7
2008_003151 0.023 20.5 143.5 75.7 261.3
2008_003157 0.127 207.8 118.3 316.7 211.2
2008_003157 0.033 28.4 131.9 171.8 313.0
2008_003157 0.012 368.8 101.0 447.7 304.1
2008_003231 0.026 36.0 162.9 81.8 209.8
2008_003231 0.016 282.8 164.8 339.4 241.4
2008_003251 0.016 8.2 299.5 69.7 376.2
2008_003264 0.011 269.9 274.6 332.0 359.2
2008_003313 0.720 180.3 187.6 328.3 370.0
2008_003313 0.036 310.2 88.7 441.3 371.8
2008_003323 0.018 427.2 279.7 454.8 313.4
2008_003323 0.014 129.7 244.1 142.6 264.2
2008_003347 0.019 9.4 87.5 307.6 305.5
2008_003360 0.204 70.0 77.4 277.1 340.0
2008_003360 0.083 282.3 46.8 394.9 311.6
2008_003386 0.012 378.7 64.9 460.1 134.1
2008_003415 0.021 230.8 147.1 264.6 216.6
2008_003415 0.011 205.2 302.4 259.8 323.7
2008_003452 0.054 473.9 216.6 498.6 259.3
2008_003452 0.018 464.8 211.8 489.9 256.4
2008_003452 0.017 445.1 213.8 496.0 275.8
2008_003458 0.013 349.0 263.1 429.6 320.0
2008_003463 0.026 5.1 125.6 485.1 260.9
2008_003485 0.022 434.4 213.9 508.3 285.5
2008_003485 0.019 5.8 225.1 78.6 277.1
2008_003485 0.015 64.7 240.7 96.5 264.1
2008_003485 0.012 49.3 240.4 86.8 265.5
2008_003485 0.011 79.4 237.9 119.2 265.3
2008_003489 0.011 239.0 237.2 293.8 283.4
2008_003521 0.022 55.9 182.5 106.4 237.6
2008_003544 0.012 49.4 131.2 76.0 162.0
2008_003560 0.017 226.6 94.6 479.4 371.9
2008_003611 0.013 448.1 127.2 479.3 175.3
2008_003652 0.017 251.2 144.0 421.9 351.6
2008_003653 0.202 299.3 410.1 333.9 462.8
2008_003653 0.087 289.5 407.3 319.6 454.1
2008_003653 0.018 5.6 249.1 37.9 307.4
2008_003655 0.046 220.9 136.7 257.1 168.9
2008_003655 0.010 58.2 139.9 89.0 157.7
2008_003659 0.021 420.2 147.9 502.5 211.0
2008_003677 0.997 81.0 83.6 330.3 292.1
2008_003689 0.017 126.4 163.3 176.0 193.2
2008_003689 0.015 88.4 161.0 182.5 206.3
2008_003732 0.032 191.3 88.0 223.5 142.4
2008_003761 0.983 24.6 152.1 325.9 339.1
2008_003761 0.955 331.2 116.0 445.1 302.9
2008_003761 0.032 171.0 174.7 346.5 332.8
2008_003761 0.031 327.1 216.0 383.2 274.1
2008_003761 0.028 363.5 144.7 424.4 298.8
2008_003761 0.026 221.9 132.6 422.0 323.2
2008_003761 0.025 255.4 107.3 368.4 293.6
2008_003761 0.024 305.4 164.3 413.7 293.5
2008_003761 0.019 396.8 149.0 444.1 297.6
2008_003761 0.019 318.3 123.1 383.7 275.9
2008_003761 0.015 349.0 124.0 526.8 284.6
2008_003761 0.014 265.9 198.8 388.0 301.1
2008_003761 0.012 323.7 213.0 454.1 270.0
2008_003761 0.012 274.6 141.8 383.4 198.3
2008_003761 0.011 292.4 163.7 363.0 277.1
2008_003761 0.011 425.8 162.8 457.4 298.6
2008_003761 0.011 388.7 173.4 501.8 291.0
2008_003761 0.011 79.4 88.6 236.0 319.4
2008_003761 0.011 340.2 219.4 363.0 271.3
2008_003761 0.010 279.9 92.1 383.7 214.7
2008_003776 0.111 235.3 137.3 265.0 172.9
2008_003776 0.056 298.1 137.0 328.6 174.8
2008_003776 0.015 57.8 122.1 109.0 179.9
2008_003779 0.011 303.8 213.5 363.9 280.5
2008_003788 0.011 435.5 298.2 501.1 381.1
2008_003796 0.110 410.3 10.1 475.2 69.1
2008_003796 0.011 420.6 24.7 483.5 57.8
2008_003819 0.018 205.2 137.2 284.8 357.4
2008_003842 0.021 438.8 138.3 474.3 178.3
2008_003882 0.015 169.7 39.5 302.8 211.4
2008_003925 0.043 59.8 259.9 135.2 318.9
2008_003947 0.015 356.6 190.9 421.3 243.6
2008_003975 0.018 194.2 243.3 243.2 305.4
2008_003975 0.013 206.7 247.4 224.2 298.8
2008_004008 0.028 5.7 293.1 32.9 343.8
2008_004008 0.020 342.3 181.5 418.2 252.3
2008_004022 0.045 200.6 53.2 267.3 114.5
2008_004022 0.011 211.9 61.0 252.8 105.9
2008_004024 0.187 149.7 1.4 334.0 380.1
2008_004024 0.036 279.0 318.9 322.5 378.3
2008_004102 0.015 291.0 6.8 364.2 62.7
2008_004106 0.082 -5.9 2.8 488.3 372.3
2008_004120 0.981 82.6 136.4 386.5 339.0
2008_004145 0.081 64.9 127.5 229.6 300.6
2008_004148 0.062 125.7 50.1 452.0 392.0
2008_004148 0.013 87.9 101.7 290.4 374.3
2008_004176 0.065 83.0 362.7 149.1 420.3
2008_004176 0.012 176.3 302.8 243.6 361.3
2008_004176 0.011 424.5 198.7 457.4 249.5
2008_004201 0.024 313.8 238.6 412.3 293.5
2008_004201 0.011 -3.0 109.1 68.2 175.4
2008_004224 0.014 265.9 299.7 316.8 369.9
2008_004224 0.013 278.4 300.0 316.7 327.8
2008_004224 0.011 276.3 311.0 316.7 341.3
2008_004274 0.023 15.7 111.7 389.7 209.4
2008_004276 0.013 177.5 277.5 240.2 342.2
2008_004301 0.019 137.7 189.4 223.3 265.2
2008_004301 0.017 301.1 186.9 378.8 284.1
2008_004321 0.014 93.3 304.2 159.0 375.6
2008_004325 0.018 231.6 164.2 294.4 233.9
2008_004358 0.074 91.6 251.9 160.0 322.8
2008_004358 0.015 144.8 214.4 199.9 335.0
2008_004365 0.075 247.5 141.6 304.4 294.3
2008_004365 0.022 221.7 185.0 330.6 318.4
2008_004365 0.011 288.1 225.2 348.8 293.6
2008_004376 0.010 2.1 273.1 38.7 339.0
2008_004378 0.012 381.6 96.3 500.0 300.8
2008_004385 0.013 422.2 64.2 499.1 134.0
2008_004410 0.021 8.8 22.0 305.6 240.0
2008_004458 0.129 420.6 193.9 503.1 254.4
2008_004462 0.193 178.6 121.1 284.0 307.5
2008_004462 0.020 181.5 129.2 228.0 179.9
2008_004480 0.018 7.2 200.4 413.1 496.3
2008_004506 0.030 132.1 448.2 171.7 498.4
2008_004513 0.013 384.3 39.8 429.4 69.0
2008_004513 0.012 375.3 32.4 413.7 79.5
2008_004515 0.012 451.2 62.8 465.5 87.8
2008_004547 0.073 192.8 192.7 289.5 295.4
2008_004568 0.020 35.2 63.0 128.7 124.8
2008_004574 0.012 317.0 152.8 388.0 207.6
2008_004583 0.999 44.0 52.7 372.6 235.7
2008_004583 0.010 46.1 112.9 143.4 215.1
2008_004585 0.066 126.7 39.3 270.4 100.3
2008_004593 0.161 96.2 192.9 197.5 286.7
2008_004593 0.146 189.2 195.6 226.0 250.0
2008_004593 0.011 188.3 201.4 240.8 280.0
2008_004611 0.045 82.8 149.9 118.1 210.0
2008_004611 0.012 74.5 157.8 108.2 235.9
2008_004617 0.016 65.7 247.2 111.0 283.1
2008_004668 0.013 168.3 113.9 258.9 173.1
2008_004697 0.012 -0.9 104.4 468.1 288.9
2008_004703 0.101 130.0 85.4 203.8 152.5
2008_004703 0.020 300.5 91.0 324.0 128.0
2008_004703 0.017 363.0 62.9 416.7 121.5
2008_004707 0.016 25.8 15.9 207.3 235.6
2008_004719 0.035 419.6 221.7 444.0 267.3
2008_004719 0.014 408.2 220.8 459.5 272.8
2008_004732 0.011 192.2 91.7 268.3 150.7
2008_004739 0.014 93.2 28.5 328.4 178.2
2008_004781 0.999 100.5 104.3 470.0 390.6
2008_004781 0.031 454.3 220.5 492.6 249.7
2008_004781 0.021 394.5 212.1 492.6 261.3
2008_004781 0.020 471.7 219.6 498.9 252.6
2008_004781 0.010 427.3 217.1 476.7 242.6
2008_004807 0.029 256.9 202.1 319.5 260.6
2008_004807 0.014 288.6 207.2 342.6 262.1
2008_004807 0.011 302.4 211.1 326.2 252.9
2008_004821 0.012 0.9 292.3 59.3 385.6
2008_004834 0.011 43.9 -6.3 447.7 364.4
2008_004838 0.288 30.3 40.1 285.5 495.5
2008_004872 0.010 129.0 204.8 356.8 420.6
2008_004892 0.013 -2.3 139.7 52.5 210.5
2008_004899 0.023 148.4 276.3 203.6 361.3
2008_004920 0.993 152.8 150.9 307.6 339.6
2008_004920 0.037 188.4 92.8 284.8 295.6
2008_004934 0.997 106.5 140.7 270.4 411.9
2008_004934 0.013 136.8 145.4 275.1 295.7
2008_004937 0.010 50.3 55.5 62.3 88.4
2008_004946 0.015 13.0 146.8 72.1 218.3
2008_004973 0.031 258.4 19.4 319.9 83.1
2008_004973 0.020 462.0 7.6 486.3 50.3
2008_004973 0.020 -4.8 103.1 309.3 374.8
2008_004973 0.018 444.4 3.0 499.8 54.5
2008_004973 0.017 2.9 48.1 33.3 110.4
2008_004973 0.017 470.4 7.2 496.1 43.1
2008_004973 0.015 85.3 101.3 143.3 170.8
2008_004973 0.014 212.3 43.6 341.1 369.3
2008_004973 0.011 59.3 59.4 212.5 349.1
2008_004990 0.853 93.1 98.1 231.2 416.7
2008_004990 0.020 217.6 161.1 320.4 433.3
2008_005013 0.525 183.6 124.7 238.3 213.0
2008_005013 0.382 102.4 402.3 161.4 480.0
2008_005013 0.255 262.7 146.9 308.5 246.3
2008_005013 0.241 2.2 152.8 41.1 250.1
2008_005013 0.119 118.6 226.8 165.9 310.8
2008_005013 0.054 279.9 144.5 329.3 212.4
2008_005013 0.025 282.7 156.0 339.4 254.6
2008_005013 0.021 267.1 136.4 318.3 189.9
2008_005013 0.019 250.7 172.6 306.1 288.7
2008_005013 0.014 293.6 154.7 334.1 196.9
2008_005013 0.013 298.9 169.0 364.3 265.7
2008_005013 0.012 283.2 125.0 375.9 244.6
2008_005013 0.010 6.0 144.0 42.0 205.0
2008_005071 0.013 107.7 87.3 170.2 167.5
2008_005074 0.010 188.7 191.6 233.8 215.6
2008_005101 0.231 157.0 110.8 447.0 260.7
2008_005136 0.028 18.5 52.8 489.8 308.0
2008_005137 0.015 35.4 76.7 318.2 420.0
2008_005146 0.017 241.2 116.6 300.3 195.8
2008_005172 0.940 33.1 74.7 357.9 297.3
2008_005193 0.018 9.9 -8.5 306.6 474.5
2008_005209 0.024 261.9 276.9 283.3 316.1
2008_005234 0.010 131.3 112.4 454.6 233.9
2008_005266 0.037 -2.5 205.7 51.7 264.8
2008_005345 0.085 52.0 188.0 134.1 245.2
2008_005354 0.056 263.3 126.8 336.7 214.1
2008_005354 0.029 321.6 135.0 363.9 174.6
2008_005354 0.027 313.5 121.8 342.2 177.0
2008_005386 0.029 8.9 69.4 366.0 487.4
2008_005400 0.018 0.9 254.4 33.5 302.8
2008_005429 0.088 -1.9 32.2 481.5 330.9
2008_005456 0.062 230.6 219.4 278.3 287.5
2008_005494 0.031 430.9 232.3 464.9 289.3
2008_005496 0.012 125.2 127.8 182.6 195.1
2008_005505 0.091 0.4 140.6 35.0 217.7
2008_005505 0.039 352.0 74.1 497.9 193.0
2008_005505 0.038 374.7 122.5 438.9 195.1
2008_005505 0.030 443.5 140.6 473.9 189.6
2008_005505 0.024 15.9 48.4 328.0 361.4
2008_005505 0.022 433.6 146.0 462.1 190.9
2008_005505 0.022 428.6 123.5 494.3 192.6
2008_005505 0.020 419.7 142.8 445.7 190.9
2008_005505 0.018 410.3 140.4 435.5 191.1
2008_005505 0.015 392.2 139.6 424.0 192.0
2008_005505 0.012 457.3 131.4 490.0 186.8
2008_005505 0.012 406.2 120.9 461.2 192.8
2008_005521 0.042 197.0 162.1 252.8 291.2
2008_005521 0.021 224.6 81.0 326.8 336.0
2008_005549 0.013 457.6 130.2 484.0 171.4
2008_005570 0.031 103.0 36.9 473.1 313.3
2008_005572 0.019 3.9 0.7 282.9 213.5
2008_005591 0.038 71.8 96.5 338.6 378.9
2008_005618 0.040 77.9 47.9 501.2 377.7
2008_005623 0.039 55.6 276.6 117.0 356.0
2008_005623 0.019 59.8 299.3 90.1 360.5
2008_005623 0.013 241.2 200.3 276.6 255.2
2008_005626 0.013 392.5 12.8 477.0 80.0
2008_005641 0.951 43.8 63.0 221.3 253.0
2008_005641 0.407 266.5 87.7 475.4 260.5
2008_005641 0.019 86.4 60.5 208.2 171.7
2008_005641 0.017 127.3 71.3 243.9 180.8
2008_005641 0.016 149.6 73.0 397.8 248.6
2008_005641 0.014 18.1 103.8 69.3 212.4
2008_005641 0.012 35.2 102.7 91.9 209.2
2008_005641 0.011 152.9 61.3 239.4 118.3
2008_005650 0.018 381.8 82.6 455.4 155.7
2008_005650 0.012 447.1 106.4 500.6 188.3
2008_005653 0.029 281.1 182.8 326.5 205.6
2008_005653 0.025 271.4 171.5 334.7 245.8
2008_005653 0.020 34.5 165.0 111.7 234.7
2008_005653 0.019 292.2 179.3 360.3 247.7
2008_005653 0.018 278.6 173.7 320.3 218.1
2008_005653 0.011 291.4 176.3 322.9 199.1
2008_005678 0.012 380.2 50.8 440.5 104.4
2008_005682 0.013 51.9 53.1 483.7 366.2
2008_005683 0.040 107.1 149.3 252.9 302.3
2008_005683 0.014 73.5 231.8 128.9 299.2
2008_005707 0.906 70.5 68.4 288.1 327.1
2008_005707 0.262 171.4 50.4 336.9 330.4
2008_005707 0.237 244.1 162.5 302.7 226.8
2008_005707 0.126 289.8 91.3 481.1 313.5
2008_005707 0.050 243.8 124.1 365.1 327.2
2008_005707 0.034 303.8 155.2 421.7 267.2
2008_005707 0.030 433.8 164.9 503.3 223.6
2008_005707 0.028 130.7 45.6 257.6 268.0
2008_005707 0.025 322.0 153.5 451.5 208.8
2008_005707 0.023 26.9 142.7 244.6 285.0
2008_005707 0.022 133.2 106.1 193.2 181.9
2008_005707 0.019 231.0 131.3 477.3 223.5
2008_005707 0.017 350.2 102.0 487.1 244.9
2008_005707 0.017 14.2 156.3 134.1 273.0
2008_005707 0.015 293.5 150.3 371.9 214.0
2008_005707 0.015 312.6 137.3 417.7 190.7
2008_005707 0.014 227.4 89.7 478.1 179.2
2008_005707 0.014 279.3 168.5 391.6 227.6
2008_005707 0.014 239.5 57.3 448.9 250.8
2008_005707 0.014 335.9 144.2 395.7 239.7
2008_005707 0.014 149.3 27.3 308.3 202.9
2008_005707 0.012 125.0 71.5 200.3 165.3
2008_005707 0.011 439.1 163.0 482.6 199.6
2008_005707 0.011 224.1 138.1 331.0 245.5
2008_005770 0.038 162.6 371.6 207.6 444.7
2008_005770 0.015 1.6 224.6 262.4 505.6
2008_005791 0.011 19.3 2.2 76.5 90.2
2008_005803 0.999 74.2 46.1 417.2 298.8
2008_005803 0.511 224.1 86.9 449.9 291.9
2008_005817 0.983 63.8 19.5 199.8 121.6
2008_005818 0.020 206.9 229.0 230.5 272.9
2008_005818 0.012 188.2 156.7 254.2 233.1
2008_005822 0.126 142.6 180.2 189.2 211.2
2008_005834 0.014 -3.1 -1.0 487.8 322.3
2008_005856 0.011 254.9 198.7 322.1 272.2
2008_005867 0.011 418.9 59.2 483.8 144.1
2008_005873 0.861 243.6 200.2 423.7 377.2
2008_005873 0.569 11.5 14.3 342.0 372.6
2008_005873 0.080 93.4 163.3 402.8 369.8
2008_005878 0.036 142.7 84.3 208.1 152.5
2008_005878 0.014 424.0 46.1 493.8 120.3
2008_005878 0.011 375.2 53.9 438.2 79.6
2008_005929 0.013 142.8 88.6 231.2 272.7
2008_005954 0.030 127.3 97.5 207.8 143.8
2008_005954 0.013 151.3 98.4 187.7 136.3
2008_005956 0.024 391.3 232.9 466.1 274.7
2008_005979 0.998 2.9 66.5 467.8 400.7
2008_005979 0.132 394.3 85.9 486.4 368.6
2008_005979 0.027 254.8 76.6 472.9 394.9
2008_005979 0.018 337.8 62.3 474.3 315.2
2008_005991 0.430 27.3 143.5 306.6 372.8
2008_005997 0.014 174.8 40.7 398.1 250.6
2008_005997 0.010 127.8 127.2 185.3 192.0
2008_006032 0.974 195.8 52.0 335.5 305.5
2008_006039 0.024 455.0 192.5 493.2 250.4
2008_006049 0.055 164.4 54.8 389.4 249.5
2008_006090 0.134 359.9 149.5 464.1 386.8
2008_006090 0.057 373.3 297.7 436.6 379.0
2008_006090 0.049 284.9 233.7 334.8 299.8
2008_006090 0.044 144.5 194.3 237.6 380.2
2008_006090 0.036 256.8 232.7 318.9 295.6
2008_006090 0.023 93.7 294.9 159.7 372.4
2008_006090 0.022 41.8 256.4 67.5 282.7
2008_006090 0.019 9.1 260.1 81.6 319.2
2008_006090 0.018 289.8 237.0 313.6 286.5
2008_006090 0.016 140.8 293.9 165.4 370.8
2008_006090 0.015 422.4 297.7 483.1 382.8
2008_006090 0.015 289.2 220.5 335.9 268.2
2008_006090 0.014 397.1 194.2 501.4 383.7
2008_006090 0.014 358.5 225.5 419.8 377.0
2008_006090 0.014 117.9 296.3 194.2 377.4
2008_006090 0.014 128.4 273.3 154.5 349.3
2008_006090 0.012 420.6 301.3 447.9 375.4
2008_006090 0.012 98.1 263.5 244.9 317.7
2008_006090 0.010 35.9 248.4 101.2 312.8
2008_006096 0.021 55.0 203.9 91.2 258.8
2008_006119 0.419 159.9 265.6 219.7 341.5
2008_006119 0.111 165.6 258.4 197.7 331.4
2008_006119 0.013 186.2 275.8 221.9 334.5
2008_006124 0.014 250.8 33.2 321.1 107.8
2008_006135 0.075 238.0 138.4 265.9 188.3
2008_006145 0.838 288.5 56.4 453.6 365.5
2008_006145 0.014 295.0 48.4 353.9 134.6
2008_006164 0.024 284.2 261.8 359.8 312.4
2008_006195 0.014 220.4 8.9 251.4 48.2
2008_006210 0.015 304.3 253.0 365.3 296.0
2008_006211 0.034 16.8 19.8 472.3 331.3
2008_006211 0.019 71.7 302.9 125.8 333.1
2008_006211 0.014 -1.8 176.4 401.9 335.8
2008_006213 0.045 309.8 0.7 375.6 45.2
2008_006213 0.013 326.7 2.9 374.8 28.9
2008_006213 0.012 319.4 3.6 341.1 31.7
2008_006213 0.010 314.7 3.9 361.6 22.4
2008_006220 0.906 141.1 2.7 476.8 292.7
2008_006220 0.011 129.3 23.0 242.3 245.9
2008_006232 0.060 314.4 110.0 409.8 225.5
2008_006232 0.023 225.7 131.1 288.4 208.1
2008_006232 0.013 260.9 156.2 285.0 215.9
2008_006232 0.011 270.9 139.7 331.8 201.5
2008_006244 0.017 132.8 83.5 457.2 334.3
2008_006294 0.079 133.9 106.8 258.8 246.1
2008_006295 0.134 108.0 103.5 428.7 284.6
2008_006317 0.021 131.3 79.9 172.0 145.1
2008_006317 0.020 0.2 135.3 75.7 201.9
2008_006329 0.013 196.3 224.1 234.2 272.5
2008_006430 0.452 205.9 16.1 512.5 319.9
2008_006430 0.016 184.5 112.8 241.7 163.6
2008_006430 0.011 229.4 62.9 471.0 196.3
2008_006430 0.011 206.9 126.8 230.3 161.6
2008_006462 0.027 222.1 102.1 292.1 185.2
2008_006482 0.016 308.4 106.5 441.6 248.9
2008_006511 0.381 269.2 33.5 512.3 338.4
2008_006511 0.035 130.7 25.7 415.0 352.1
2008_006512 0.021 183.9 238.5 234.8 277.2
2008_006578 0.069 31.5 29.8 365.8 501.8
2008_006585 0.036 349.3 176.9 382.6 214.7
2008_006585 0.033 290.2 188.4 392.5 265.1
2008_006585 0.015 177.9 191.9 229.1 277.5
2008_006599 1.000 37.5 175.8 276.5 352.7
2008_006599 0.200 342.9 174.1 389.8 300.3
2008_006599 0.051 374.1 217.2 444.9 300.3
2008_006599 0.034 45.2 264.5 79.7 343.7
2008_006599 0.024 107.7 195.8 165.8 258.7
2008_006599 0.021 287.0 172.8 337.7 338.9
2008_006599 0.020 227.8 184.5 275.5 297.8
2008_006599 0.018 346.9 199.4 390.1 251.8
2008_006599 0.017 305.8 169.4 356.2 319.0
2008_006599 0.017 207.3 182.3 271.4 254.3
2008_006599 0.014 222.5 178.7 375.7 345.0
2008_006599 0.014 334.7 164.4 434.7 278.5
2008_006599 0.013 284.5 187.8 403.2 332.5
2008_006599 0.013 153.0 176.7 275.4 302.7
2008_006599 0.012 296.4 200.1 421.6 261.5
2008_006599 0.011 252.0 181.1 460.6 272.1
2008_006599 0.010 350.7 220.3 409.5 297.7
2008_006599 0.010 128.6 181.1 267.9 245.2
2008_006602 0.013 150.0 401.0 199.6 491.3
2008_006654 0.016 -6.3 124.7 73.5 186.7
2008_006682 0.016 162.8 265.3 190.3 319.9
2008_006682 0.013 130.2 265.3 194.8 325.9
2008_006692 0.011 11.4 119.1 457.6 250.2
2008_006700 0.011 61.8 81.0 413.9 348.5
2008_006715 0.036 333.2 176.5 371.9 205.5
2008_006715 0.016 89.4 90.3 190.9 318.1
2008_006715 0.016 293.5 168.9 360.4 214.0
2008_006715 0.015 327.4 182.1 350.2 204.4
2008_006715 0.014 298.5 175.6 324.4 211.4
2008_006715 0.013 303.5 175.9 315.2 212.0
2008_006715 0.011 313.1 175.5 332.7 198.0
2008_006715 0.011 311.6 182.5 328.7 204.4
2008_006715 0.010 313.3 177.9 340.9 209.5
2008_006718 0.999 76.8 124.7 234.8 284.5
2008_006718 0.634 227.8 124.6 329.0 311.2
2008_006718 0.126 236.2 128.1 327.8 211.9
2008_006718 0.038 177.4 198.0 234.1 269.4
2008_006718 0.023 193.7 200.3 218.5 269.4
2008_006719 0.016 235.2 268.9 287.7 341.7
2008_006719 0.016 252.2 276.8 305.7 351.3
2008_006719 0.014 4.4 214.8 37.3 281.0
2008_006719 0.012 257.3 262.4 280.8 334.2
2008_006719 0.012 245.6 262.5 278.4 307.4
2008_006720 0.016 203.9 93.7 256.4 146.7
2008_006720 0.011 417.5 110.6 469.0 165.7
2008_006737 0.062 70.0 69.3 128.4 161.9
2008_006737 0.050 156.7 326.3 198.3 432.0
2008_006737 0.013 165.1 382.4 190.1 489.6
2008_006737 0.011 172.7 69.2 229.2 160.8
2008_006767 0.011 209.7 216.0 252.8 264.2
2008_006778 0.224 99.7 160.0 201.4 259.5
2008_006778 0.086 83.7 163.7 146.8 247.9
2008_006778 0.067 122.4 179.2 187.0 238.1
2008_006778 0.012 103.1 153.3 193.2 213.5
2008_006778 0.011 128.8 161.4 260.9 265.6
2008_006807 0.011 267.0 150.4 305.0 179.2
2008_006881 0.980 54.0 181.1 390.2 437.1
2008_006881 0.035 319.2 178.3 390.1 276.8
2008_006881 0.032 141.0 172.8 338.0 318.9
2008_006910 0.964 207.5 33.0 407.8 319.9
2008_006910 0.873 52.9 110.1 212.6 327.8
2008_006960 0.052 285.5 40.7 484.4 376.3
2008_006960 0.032 101.7 37.1 267.5 364.5
2008_007004 0.016 106.8 67.2 334.6 341.8
2008_007009 0.032 130.5 175.8 194.2 227.1
2008_007009 0.018 357.4 198.3 408.0 233.5
2008_007009 0.015 154.0 185.3 200.3 223.6
2008_007009 0.010 142.1 190.8 214.8 244.8
2008_007012 0.075 319.1 184.1 355.1 216.7
2008_007012 0.013 78.7 175.8 129.2 212.5
2008_007022 0.011 102.0 54.3 321.2 294.5
2008_007038 0.016 190.7 121.8 347.9 345.4
2008_007045 0.016 180.1 146.1 214.2 183.7
2008_007082 0.028 455.2 170.4 484.9 202.4
2008_007082 0.013 461.4 183.4 487.3 203.5
2008_007082 0.012 442.7 171.8 498.8 212.8
2008_007085 0.013 157.2 154.0 230.7 197.9
2008_007085 0.012 155.7 115.8 215.3 199.7
2008_007090 0.999 31.1 115.2 462.0 440.1
2008_007090 0.013 403.4 179.0 482.1 322.2
2008_007090 0.011 31.3 110.4 101.0 231.8
2008_007090 0.010 296.8 134.3 481.6 344.4
2008_007147 0.066 339.4 54.4 394.6 108.1
2008_007147 0.018 399.4 63.6 460.1 136.0
2008_007147 0.010 361.2 57.7 429.8 118.6
2008_007197 0.994 111.5 106.5 388.3 312.5
2008_007197 0.094 131.6 195.7 299.3 306.5
2008_007211 0.010 62.3 92.6 405.3 334.8
2008_007217 0.015 366.0 51.4 500.6 117.3
2008_007218 0.218 119.6 61.8 364.2 337.4
2008_007218 0.035 248.4 277.7 274.4 335.9
2008_007218 0.018 17.1 24.0 216.6 334.8
2008_007218 0.016 238.8 283.3 262.6 333.8
2008_007218 0.016 261.3 279.7 285.2 334.0
2008_007218 0.015 238.4 274.9 299.7 336.0
2008_007218 0.010 14.6 89.7 131.7 333.0
2008_007223 0.011 164.8 166.7 259.6 220.8
2008_007239 0.855 133.0 130.3 356.9 280.1
2008_007242 0.063 80.4 72.2 219.1 252.6
2008_007245 0.011 340.1 80.5 375.0 100.8
2008_007252 0.010 168.7 405.3 219.7 493.9
2008_007286 0.016 314.7 303.4 390.6 375.3
2008_007312 0.048 241.3 170.0 306.1 244.5
2008_007312 0.011 224.2 172.1 280.3 240.9
2008_007320 0.012 125.5 188.9 137.4 217.2
2008_007335 0.015 50.4 41.1 354.7 501.2
2008_007364 0.019 334.3 103.6 498.2 158.8
2008_007364 0.018 75.2 143.5 469.4 286.0
2008_007382 0.982 85.9 102.4 487.4 354.4
2008_007394 0.065 -4.0 -0.2 500.6 330.6
2008_007428 0.078 59.3 62.7 444.4 296.8
2008_007456 0.030 49.6 67.2 347.7 237.5
2008_007465 0.014 1.8 108.7 48.0 145.1
2008_007465 0.012 -2.7 94.7 68.2 150.8
2008_007469 0.903 97.1 39.8 329.7 475.7
2008_007477 0.015 16.3 245.8 74.2 303.8
2008_007491 0.147 220.0 122.5 476.6 302.8
2008_007491 0.020 321.8 224.5 387.5 289.2
2008_007491 0.017 127.7 120.2 365.1 293.6
2008_007491 0.017 288.4 237.4 362.1 294.6
2008_007491 0.013 310.4 233.0 344.5 292.5
2008_007491 0.011 327.8 236.1 350.7 291.8
2008_007496 0.197 113.2 119.6 380.2 288.1
2008_007496 0.036 248.7 210.2 330.0 272.2
2008_007500 0.011 8.7 218.3 112.3 459.6
2008_007510 0.011 168.2 357.1 232.5 426.2
2008_007515 0.126 380.0 332.2 414.0 378.2
2008_007515 0.011 327.0 176.6 377.6 195.6
2008_007537 0.013 443.3 4.9 477.0 49.1
2008_007544 0.032 129.6 411.7 183.3 474.8
2008_007559 0.021 258.7 273.4 327.2 316.7
2008_007559 0.011 193.9 241.8 258.0 309.1
2008_007573 0.020 396.9 97.3 418.8 147.7
2008_007593 0.074 124.1 149.9 361.1 270.8
2008_007604 0.100 28.8 280.4 73.9 347.9
2008_007604 0.030 3.0 170.8 41.5 255.9
2008_007611 0.013 296.5 166.9 332.0 181.9
2008_007630 0.016 1.7 67.7 35.4 122.9
2008_007641 0.029 49.6 236.3 97.0 298.2
2008_007648 0.016 46.9 181.8 109.5 232.4
2008_007665 0.048 78.8 27.9 106.2 106.4
2008_007665 0.013 74.9 1.8 122.1 91.3
2008_007675 0.084 444.3 182.2 500.2 247.0
2008_007675 0.042 474.8 184.0 499.6 244.6
2008_007675 0.010 443.2 181.2 478.4 230.1
2008_007698 0.018 195.5 316.3 215.8 344.7
2008_007698 0.013 183.3 316.0 206.7 348.6
2008_007698 0.012 441.2 41.0 501.8 184.2
2008_007724 0.017 325.5 326.2 361.0 409.1
2008_007752 0.614 141.1 129.3 260.8 220.0
2008_007752 0.158 145.7 148.1 215.2 207.2
2008_007752 0.057 171.2 146.5 241.2 210.9
2008_007752 0.024 191.6 140.1 224.5 194.3
2008_007752 0.021 169.1 160.0 219.1 201.0
2008_007752 0.010 160.4 166.1 199.0 209.8
2008_007761 0.010 433.4 91.4 497.7 157.7
2008_007840 0.014 14.7 145.1 510.0 265.5
2008_007869 0.020 159.5 174.0 222.8 345.7
2008_007869 0.012 164.8 157.1 388.4 357.4
2008_007873 0.701 72.1 164.0 178.6 335.4
2008_007873 0.053 26.0 234.0 92.2 305.8
2008_007873 0.024 40.5 188.7 97.3 316.0
2008_007873 0.021 96.7 216.3 157.7 341.5
2008_007873 0.017 16.4 180.7 63.5 305.6
2008_007873 0.012 139.2 190.2 197.8 337.5
2008_007883 0.023 50.7 174.7 75.9 224.1
2008_007883 0.020 20.0 173.1 77.9 226.0
2008_007883 0.013 37.0 180.3 64.0 225.0
2008_007928 0.011 174.9 88.9 251.0 181.1
2008_007947 0.010 181.6 101.7 211.6 152.4
2008_007962 0.012 10.2 30.6 305.0 492.6
2008_007987 0.491 64.2 167.0 153.7 382.3
2008_007990 0.063 207.8 210.3 266.2 279.3
2008_007990 0.056 232.1 212.7 262.9 268.0
2008_007990 0.049 291.0 244.6 348.4 314.8
2008_007990 0.033 310.3 242.0 371.7 317.2
2008_007990 0.031 213.1 213.5 254.1 253.3
2008_007990 0.026 256.7 238.4 318.7 314.7
2008_007990 0.021 313.5 248.6 340.8 316.8
2008_007997 0.018 414.3 224.2 484.9 280.1
2008_007997 0.018 100.8 75.2 157.4 129.1
2008_007999 0.753 235.9 250.4 289.5 286.3
2008_007999 0.571 75.9 249.6 126.7 281.7
2008_007999 0.198 156.1 253.4 204.3 287.7
2008_007999 0.155 5.8 250.0 52.3 292.5
2008_007999 0.121 259.1 250.4 300.5 283.0
2008_007999 0.067 415.9 243.4 456.2 268.4
2008_007999 0.045 247.8 246.2 294.3 271.3
2008_007999 0.033 94.7 253.0 146.6 279.7
2008_007999 0.029 127.4 262.2 179.5 283.7
2008_007999 0.026 16.3 259.6 73.3 290.3
2008_007999 0.025 124.1 250.7 157.6 282.0
2008_007999 0.023 405.4 255.5 459.4 268.0
2008_007999 0.021 399.9 240.4 492.2 278.1
2008_007999 0.020 186.1 250.2 227.5 286.0
2008_007999 0.019 437.2 243.4 455.4 266.0
2008_007999 0.017 272.0 254.4 336.2 278.8
2008_007999 0.017 121.1 241.7 195.6 286.6
2008_007999 0.016 404.6 247.7 446.2 265.2
2008_007999 0.015 426.3 244.3 444.4 266.2
2008_007999 0.012 248.7 261.7 292.6 293.6
2008_007999 0.011 440.0 241.0 485.5 269.5
2008_007999 0.011 144.4 271.7 194.4 290.3
2008_007999 0.011 63.0 253.1 136.2 299.8
2008_007999 0.010 270.5 244.9 297.6 273.2
2008_007999 0.010 194.6 244.0 269.5 291.6
2008_008064 0.026 86.1 187.2 176.6 360.8
2008_008074 0.042 334.1 160.7 397.4 202.6
2008_008080 0.844 150.3 208.1 331.0 414.2
2008_008098 0.023 63.5 164.2 116.9 236.4
2008_008150 0.016 246.8 177.3 429.4 323.4
2008_008166 0.041 83.4 188.1 247.5 304.6
2008_008169 0.149 93.8 72.7 404.5 299.6
2008_008193 0.011 232.8 91.1 290.2 162.2
2008_008197 0.066 196.5 153.8 353.6 284.9
2008_008197 0.015 261.9 152.5 332.1 219.3
2008_008212 0.011 10.9 114.1 487.6 253.4
2008_008215 0.014 103.1 54.1 175.0 130.0
2008_008220 0.200 137.7 240.2 195.5 281.1
2008_008220 0.098 283.0 189.9 378.3 252.8
2008_008220 0.029 179.0 191.6 228.7 269.3
2008_008220 0.017 128.2 196.7 207.1 267.8
2008_008220 0.015 290.7 185.9 496.8 262.7
2008_008220 0.011 456.3 198.0 490.1 260.6
2008_008220 0.011 109.2 220.2 191.6 276.4
2008_008263 0.015 473.8 191.7 496.1 214.4
2008_008263 0.014 471.2 197.3 487.1 212.5
2008_008263 0.012 484.9 188.8 499.0 214.3
2008_008263 0.010 2.8 152.9 57.2 224.8
2008_008287 0.040 17.7 50.7 135.3 261.3
2008_008300 0.901 144.0 54.8 498.8 448.2
2008_008300 0.011 159.0 271.6 431.8 426.6
2008_008330 0.017 273.4 81.7 312.4 111.0
2008_008338 0.445 233.8 144.1 301.7 201.1
2008_008338 0.071 56.8 151.6 98.6 183.2
2008_008338 0.017 174.3 174.7 213.9 210.3
2008_008338 0.013 24.6 145.1 68.2 185.5
2008_008345 0.057 389.8 189.2 448.9 274.8
2008_008364 0.032 284.4 67.4 347.7 112.3
2008_008364 0.029 291.6 67.9 314.2 108.1
2008_008364 0.018 312.2 65.1 346.2 96.2
2008_008364 0.017 284.0 78.5 324.7 105.3
2008_008368 0.063 404.6 143.7 437.6 213.3
2008_008368 0.027 52.7 152.0 93.9 201.7
2008_008368 0.022 89.3 139.4 120.7 207.3
2008_008368 0.014 94.6 139.8 147.4 208.7
2008_008368 0.014 321.4 205.7 362.8 243.9
2008_008382 0.031 131.0 105.7 329.3 306.4
2008_008411 0.634 81.0 90.8 468.7 311.0
2008_008411 0.067 18.4 293.8 44.6 335.0
2008_008428 0.090 28.4 59.0 374.3 453.4
2008_008431 0.054 322.6 124.7 385.7 205.8
2008_008432 0.033 28.0 47.6 455.1 323.3
2008_008476 0.054 159.1 150.3 339.8 255.0
2008_008476 0.038 292.6 195.3 363.4 252.3
2008_008476 0.014 304.9 209.3 361.2 290.8
2008_008476 0.013 203.0 196.4 242.7 231.3
2008_008497 0.998 32.3 39.2 437.5 335.9
2008_008497 0.149 236.7 54.8 449.2 328.4
2008_008497 0.027 18.9 138.6 267.2 337.6
2008_008497 0.021 289.9 4.8 497.9 183.7
2008_008497 0.020 -6.9 23.5 147.5 336.6
2008_008497 0.014 438.7 92.7 499.4 169.2
2008_008497 0.013 400.9 108.9 497.2 332.3
2008_008497 0.012 410.0 20.3 484.1 68.3
2008_008511 0.015 35.8 60.0 317.1 144.5
2008_008521 0.057 227.0 112.9 382.9 234.7
2008_008522 0.019 413.2 210.3 476.5 240.8
2008_008522 0.010 -1.0 186.2 70.6 250.0
2008_008523 0.021 455.6 76.8 494.5 126.1
2008_008533 0.075 326.6 277.9 368.9 357.5
2008_008533 0.011 13.5 267.0 56.6 309.4
2008_008544 0.422 7.4 134.8 273.7 492.7
2008_008544 0.277 173.8 161.9 333.1 496.5
2008_008544 0.014 311.8 332.8 338.9 418.7
2008_008545 0.018 56.5 219.8 281.8 498.1
2008_008546 0.022 235.8 301.5 274.7 325.9
2008_008549 0.010 194.4 293.3 223.0 352.2
2008_008550 0.027 420.9 120.7 478.3 176.9
2008_008550 0.017 84.6 40.2 123.0 71.4
2008_008550 0.013 62.9 16.9 130.1 72.4
2008_008550 0.011 305.6 25.0 350.0 66.1
2008_008550 0.011 68.7 41.0 107.4 70.8
2008_008579 0.030 -0.0 87.6 94.0 146.1
2008_008579 0.027 280.0 271.4 349.4 331.8
2008_008579 0.016 454.1 91.6 495.2 128.7
2008_008583 0.012 431.9 167.2 462.7 218.1
2008_008601 0.040 433.5 178.9 480.6 217.8
2008_008601 0.013 206.3 161.4 290.9 219.2
2008_008623 0.077 289.7 154.8 418.6 313.0
2008_008623 0.035 472.4 171.6 498.6 232.8
2008_008623 0.019 314.7 161.8 395.4 240.7
2008_008635 0.070 242.1 145.7 281.3 237.5
2008_008641 0.010 207.4 103.9 257.8 124.1
2008_008642 0.111 274.2 36.8 331.4 75.3
2008_008642 0.024 282.0 44.4 315.5 82.6
2008_008642 0.012 310.5 45.3 337.7 86.3
2008_008642 0.011 476.6 15.1 498.5 53.4
2008_008665 0.016 178.5 226.3 242.2 301.3
2008_008674 0.104 294.8 186.3 341.7 233.9
2008_008674 0.014 298.6 207.1 351.7 237.3
2008_008674 0.013 285.2 207.2 325.5 240.6
2008_008674 0.011 451.7 204.2 495.5 244.0
2008_008689 0.015 181.9 310.9 245.2 377.4
2008_008691 0.130 229.7 127.2 427.7 262.1
2008_008691 0.092 36.8 25.8 450.6 280.1
2008_008749 0.078 266.2 160.1 339.0 209.8
2008_008749 0.045 273.4 161.6 324.7 190.0
2008_008749 0.032 272.0 166.8 304.4 199.8
2008_008749 0.022 255.2 166.7 319.3 225.3
2008_008749 0.014 289.5 168.3 331.5 193.9
2008_008749 0.013 287.1 169.5 364.4 228.3
2009_000014 0.010 63.3 13.5 380.0 379.3
2009_000016 0.013 247.6 136.9 301.1 182.4
2009_000016 0.011 237.4 135.1 271.0 181.2
2009_000028 0.021 390.0 130.7 406.1 157.8
2009_000028 0.011 385.4 138.2 410.2 153.4
2009_000029 0.014 184.4 140.8 235.2 173.0
2009_000052 0.201 434.4 223.8 490.5 287.8
2009_000052 0.056 461.8 226.9 486.9 285.7
2009_000052 0.040 446.6 234.0 481.9 279.4
2009_000052 0.039 432.2 221.1 458.4 280.9
2009_000052 0.015 99.7 185.2 162.6 255.1
2009_000052 0.013 412.7 213.8 464.2 279.6
2009_000058 0.117 363.7 305.1 454.6 374.1
2009_000058 0.014 411.9 310.3 470.7 376.4
2009_000103 0.940 124.0 79.5 362.5 265.0
2009_000103 0.029 295.5 148.6 359.3 220.4
2009_000105 0.839 109.0 149.5 437.6 338.4
2009_000119 0.391 -6.6 36.3 315.8 488.1
2009_000120 0.011 290.8 213.4 369.6 274.8
2009_000132 0.794 49.2 33.2 413.8 346.3
2009_000135 0.016 58.3 11.4 117.8 79.3
2009_000145 0.069 304.4 207.1 366.2 239.0
2009_000145 0.043 225.1 202.3 274.0 244.1
2009_000145 0.027 177.6 207.4 233.6 246.5
2009_000151 0.016 229.4 199.1 270.6 266.3
2009_000164 0.017 219.4 212.9 282.2 269.4
2009_000164 0.014 312.1 253.6 376.5 316.9
2009_000168 0.035 136.3 94.3 404.9 320.0
2009_000176 0.026 182.3 102.6 468.8 288.0
2009_000176 0.012 215.7 119.5 294.5 222.5
2009_000197 0.071 288.1 220.3 326.3 254.0
2009_000197 0.027 84.3 116.5 461.0 264.1
2009_000197 0.023 11.3 229.9 82.1 305.8
2009_000197 0.012 33.1 251.5 62.0 303.5
2009_000197 0.011 301.2 223.9 339.9 249.7
2009_000227 0.042 293.9 240.3 351.1 297.9
2009_000232 0.024 374.8 76.9 409.7 110.7
2009_000232 0.015 363.3 81.5 399.3 107.9
2009_000233 0.017 196.8 67.7 315.6 269.3
2009_000253 0.044 234.2 147.8 286.2 220.8
2009_000280 0.031 40.7 169.8 86.4 224.4
2009_000281 0.011 326.7 277.8 364.5 320.5
2009_000285 0.011 45.3 83.5 448.4 353.6
2009_000287 0.014 376.4 272.7 435.1 334.5
2009_000320 0.026 108.1 46.7 138.7 110.3
2009_000341 0.011 211.0 199.9 287.6 251.8
2009_000343 0.091 15.0 -8.0 512.7 335.0
2009_000344 0.028 286.3 218.5 347.7 278.3
2009_000344 0.012 288.7 216.8 311.4 274.5
2009_000379 0.025 192.3 95.6 327.8 198.7
2009_000390 0.010 206.3 216.9 233.8 255.6
2009_000408 0.027 18.4 347.4 82.8 430.8
2009_000409 0.015 219.2 189.1 249.3 247.4
2009_000416 0.018 310.1 272.3 370.6 314.5
2009_000419 0.032 115.4 96.3 383.4 323.2
2009_000420 0.058 296.5 243.9 341.9 272.4
2009_000443 0.012 52.0 8.7 504.4 355.4
2009_000444 0.011 116.7 268.4 155.1 347.6
2009_000463 0.997 134.8 98.8 336.1 233.1
2009_000463 0.073 50.3 126.1 148.4 204.3
2009_000463 0.022 55.1 121.8 197.2 242.8
2009_000463 0.017 89.6 129.1 138.0 180.3
2009_000463 0.013 217.2 129.7 335.0 231.8
2009_000476 0.948 81.6 59.2 336.5 205.9
2009_000477 0.011 282.2 147.3 356.1 203.2
2009_000486 0.147 174.6 166.5 362.1 285.9
2009_000486 0.044 215.8 151.7 418.9 251.7
2009_000486 0.036 349.0 153.6 435.7 247.3
2009_000486 0.013 116.9 193.0 188.0 251.6
2009_000529 0.049 99.8 156.7 181.6 219.3
2009_000529 0.023 2.7 160.7 66.8 250.0
2009_000529 0.011 32.9 170.6 81.0 258.6
2009_000532 0.038 408.4 235.8 437.2 303.0
2009_000532 0.023 409.1 193.2 449.5 245.2
2009_000532 0.012 319.0 239.6 388.8 301.1
2009_000535 0.998 48.4 59.7 313.6 424.4
2009_000553 0.039 470.5 175.8 497.9 217.4
2009_000591 0.038 67.7 78.9 239.0 384.2
2009_000603 0.989 17.5 55.6 428.2 316.6
2009_000635 0.078 -3.8 114.0 297.2 464.6
2009_000638 0.017 237.6 109.3 261.8 147.1
2009_000638 0.015 245.8 107.3 269.5 159.9
2009_000638 0.014 249.5 136.7 329.6 203.0
2009_000638 0.011 245.9 105.7 301.3 158.7
2009_000642 0.021 268.6 235.8 300.5 284.2
2009_000662 0.011 63.0 219.8 161.5 432.3
2009_000684 0.011 4.4 238.8 40.9 270.0
2009_000708 0.027 19.7 135.0 429.3 220.4
2009_000718 0.046 221.6 322.4 296.7 401.8
2009_000718 0.021 443.9 152.7 464.3 210.4
2009_000718 0.015 437.9 152.7 453.1 207.1
2009_000737 0.046 31.9 11.8 379.9 491.6
2009_000757 0.018 204.1 49.3 344.5 252.0
2009_000770 0.255 149.1 30.5 437.9 366.1
2009_000777 0.012 -2.0 112.3 72.8 190.4
2009_000801 0.018 49.5 317.2 139.1 378.4
2009_000834 0.019 137.7 57.8 208.4 93.8
2009_000849 0.022 451.9 227.1 475.8 254.7
2009_000849 0.012 302.0 240.1 334.1 300.2
2009_000882 0.011 10.7 317.6 82.8 377.4
2009_000882 0.010 228.1 118.7 353.3 343.7
2009_000887 0.985 16.5 58.2 254.0 289.6
2009_000887 0.741 169.6 69.6 358.4 294.2
2009_000887 0.422 313.6 90.8 491.4 302.1
2009_000887 0.013 131.6 128.7 283.3 268.7
2009_000887 0.012 7.0 73.3 74.1 196.7
2009_000887 0.011 55.0 140.2 216.7 265.7
2009_000894 0.013 6.9 32.2 486.1 195.4
2009_000930 0.011 166.1 201.6 194.6 229.9
2009_000937 0.012 246.1 118.3 280.0 154.5
2009_000937 0.012 127.4 137.2 177.0 171.2
2009_000973 0.018 325.5 248.4 356.3 303.5
2009_000981 0.011 234.2 47.0 304.8 104.1
2009_000987 0.015 19.5 182.5 82.3 242.0
2009_001009 0.019 32.8 135.4 82.1 205.6
2009_001037 0.125 294.0 215.3 362.4 268.9
2009_001037 0.024 185.1 125.3 388.3 270.9
2009_001037 0.023 199.4 204.3 263.8 267.9
2009_001037 0.021 331.7 201.0 398.9 265.4
2009_001059 0.020 1.8 288.0 69.8 370.9
2009_001059 0.014 3.1 199.5 74.6 370.2
2009_001104 0.038 2.1 408.6 114.5 498.5
2009_001105 0.037 20.1 102.9 365.2 275.9
2009_001117 0.012 14.2 315.6 91.1 376.8
2009_001124 0.013 36.7 125.9 189.3 483.5
2009_001129 0.012 207.7 330.8 256.2 416.9
2009_001137 0.017 368.6 2.6 450.9 52.2
2009_001138 0.044 66.0 5.4 496.1 333.8
2009_001147 0.504 0.2 -0.2 348.9 503.7
2009_001152 0.019 86.2 134.0 168.0 210.9
2009_001153 0.999 190.3 143.7 388.9 256.9
2009_001153 0.019 185.5 137.3 255.5 191.2
2009_001153 0.013 157.9 141.3 298.4 244.0
2009_001153 0.011 190.5 143.5 351.0 202.5
2009_001153 0.011 258.1 181.2 339.6 242.9
2009_001190 0.585 207.8 110.9 399.2 286.1
2009_001190 0.092 183.2 85.7 283.8 240.4
2009_001203 0.015 336.0 327.4 415.5 376.8
2009_001216 0.027 144.1 243.5 191.1 271.9
2009_001216 0.018 131.8 243.2 173.5 268.5
2009_001216 0.013 235.1 246.1 308.3 300.2
2009_001301 0.984 97.6 140.3 377.9 411.4
2009_001301 0.140 74.7 130.4 225.6 399.7
2009_001301 0.041 262.5 144.1 389.7 403.8
2009_001301 0.012 115.4 126.8 364.8 222.6
2009_001301 0.011 172.1 116.4 282.3 268.8
2009_001308 0.120 226.7 133.5 437.4 285.4
2009_001308 0.023 9.8 157.6 100.8 206.7
2009_001308 0.016 51.5 89.0 471.8 284.7
2009_001311 0.657 156.7 169.7 392.0 311.3
2009_001311 0.035 426.2 61.0 454.4 90.6
2009_001311 0.011 413.5 64.3 446.9 88.1
2009_001312 0.043 371.7 1.1 428.1 84.1
2009_001312 0.037 437.8 5.3 498.2 92.0
2009_001312 0.023 309.6 10.0 349.0 46.8
2009_001312 0.013 314.9 1.8 386.1 50.9
2009_001354 0.039 118.1 190.7 187.2 261.5
2009_001359 0.021 180.2 419.7 225.6 501.5
2009_001364 0.012 41.1 210.2 121.0 383.3
2009_001368 0.042 -3.4 5.2 354.0 344.9
2009_001385 0.996 363.0 82.6 504.7 199.0
2009_001385 0.926 157.4 59.8 318.0 193.6
2009_001385 0.054 10.7 51.5 285.9 186.1
2009_001388 0.928 268.1 158.0 451.3 285.5
2009_001388 0.221 170.9 157.0 347.6 283.4
2009_001388 0.085 255.9 200.2 359.4 282.2
2009_001388 0.051 55.8 172.2 172.3 278.4
2009_001388 0.032 301.4 197.5 420.3 281.7
2009_001388 0.025 297.3 223.6 357.3 286.0
2009_001388 0.025 204.5 197.5 311.7 283.2
2009_001388 0.018 166.6 178.1 248.0 282.8
2009_001388 0.018 108.8 191.5 180.9 283.4
2009_001388 0.014 81.4 231.3 147.4 281.1
2009_001388 0.014 136.6 180.7 211.5 281.8
2009_001388 0.013 250.9 173.3 319.4 274.6
2009_001388 0.013 370.6 166.4 450.0 280.8
2009_001388 0.010 77.4 225.0 211.2 273.8
2009_001448 0.010 173.6 267.1 237.9 323.9
2009_001462 0.029 82.8 36.4 252.9 200.6
2009_001463 0.022 128.1 219.6 340.8 323.1
2009_001463 0.015 123.3 223.9 224.0 306.1
2009_001507 0.075 241.3 116.6 470.9 326.1
2009_001537 0.116 35.6 80.2 447.5 356.1
2009_001590 0.055 137.8 222.5 332.2 343.7
2009_001611 0.044 71.7 52.0 469.6 368.5
2009_001612 0.011 421.7 274.0 497.8 332.1
2009_001614 0.054 277.4 165.6 391.4 253.3
2009_001615 0.027 110.6 15.5 463.9 331.4
2009_001615 0.015 166.0 214.2 245.2 286.5
2009_001636 0.973 108.9 83.3 337.1 262.3
2009_001651 0.011 216.6 -2.1 279.2 82.0
2009_001689 0.031 287.5 34.3 404.5 329.8
2009_001695 0.012 -3.6 270.5 86.4 323.9
2009_001724 0.026 137.2 53.7 180.6 91.0
2009_001732 0.010 6.4 331.4 52.6 371.8
2009_001744 0.020 157.8 227.8 230.0 277.8
2009_001744 0.014 170.0 230.4 191.0 255.3
2009_001747 0.017 143.0 157.4 162.3 207.3
2009_001747 0.013 131.9 157.0 151.2 209.7
2009_001747 0.010 156.4 159.1 175.0 205.0
2009_001782 0.071 193.4 291.7 338.1 399.0
2009_001837 0.281 328.7 61.9 498.1 262.3
2009_001837 0.040 112.9 157.6 144.4 199.1
2009_001837 0.019 355.4 173.4 434.8 257.4
2009_001867 0.140 117.1 237.4 323.7 373.2
2009_001871 0.072 17.2 93.8 75.3 148.2
2009_001874 0.061 110.7 61.3 176.1 117.8
2009_001902 0.024 276.8 83.6 468.8 365.8
2009_001908 0.029 126.2 58.6 491.6 291.2
2009_001908 0.013 140.8 109.8 210.1 216.8
2009_001910 0.054 420.3 52.8 485.6 122.3
2009_001922 0.074 469.9 11.5 499.5 70.7
2009_001937 0.987 71.0 153.1 442.9 367.6
2009_001937 0.514 305.6 159.4 493.8 311.6
2009_001937 0.033 63.3 165.8 243.4 358.7
2009_001937 0.027 330.7 133.4 458.8 256.9
2009_001937 0.025 137.6 169.1 439.5 285.8
2009_001937 0.021 400.2 167.8 490.3 309.8
2009_001937 0.015 370.7 207.2 503.0 342.0
2009_001937 0.011 335.2 193.8 498.8 261.0
2009_001937 0.010 223.3 146.8 473.2 242.9
2009_001960 0.012 76.0 69.9 452.8 245.1
2009_001997 0.059 213.0 172.3 262.2 209.2
2009_002010 0.097 355.7 109.7 483.9 370.2
2009_002018 0.056 121.8 105.1 185.7 148.5
2009_002018 0.039 97.0 84.9 156.3 136.0
2009_002018 0.033 406.2 103.5 469.4 146.0
2009_002018 0.019 94.1 84.5 135.8 120.2
2009_002037 0.013 110.3 5.6 424.0 275.2
2009_002037 0.011 269.3 154.3 412.6 261.6
2009_002054 0.017 -2.1 255.1 133.1 498.4
2009_002088 0.019 14.2 77.2 150.7 251.6
2009_002088 0.014 383.3 154.6 458.6 229.8
2009_002088 0.013 286.9 153.9 345.6 219.9
2009_002088 0.012 350.9 160.6 436.0 214.2
2009_002088 0.011 173.3 172.6 234.7 236.8
2009_002093 0.010 33.9 270.6 89.9 341.3
2009_002099 0.019 51.0 99.0 367.4 474.8
2009_002104 0.057 226.1 136.2 290.5 195.4
2009_002120 0.526 136.3 1.5 198.0 40.4
2009_002126 0.012 459.2 308.3 479.6 360.3
2009_002146 0.019 220.5 147.4 290.9 205.6
2009_002198 0.024 -7.0 174.1 443.7 335.2
2009_002198 0.015 472.5 90.8 502.1 145.1
2009_002214 0.026 -2.3 5.2 50.7 76.5
2009_002236 0.028 211.9 183.9 257.3 269.1
2009_002256 0.019 61.1 82.3 492.5 183.1
2009_002281 0.925 121.2 102.5 256.5 216.9
2009_002281 0.056 152.2 125.8 224.6 190.7
2009_002281 0.041 143.1 172.3 212.1 215.2
2009_002281 0.038 154.8 171.2 187.0 210.3
2009_002281 0.010 182.6 113.5 266.2 213.0
2009_002299 0.829 165.5 77.4 325.3 229.2
2009_002299 0.299 71.9 102.1 470.8 320.3
2009_002299 0.272 18.5 89.1 138.1 323.1
2009_002299 0.018 268.9 69.9 495.4 317.1
2009_002299 0.013 11.7 111.3 69.5 304.2
2009_002301 0.014 304.0 341.7 353.3 370.8
2009_002324 0.016 49.6 124.0 113.2 202.5
2009_002343 0.021 8.5 209.2 28.6 251.5
2009_002358 0.018 386.3 275.6 407.5 320.0
2009_002358 0.012 364.6 273.2 421.7 322.6
2009_002387 0.015 129.4 227.9 174.9 304.6
2009_002388 0.163 127.1 130.6 389.2 295.8
2009_002424 0.081 31.2 28.2 240.3 487.6
2009_002431 0.014 62.1 300.3 137.2 369.7
2009_002472 0.161 244.7 118.2 487.3 278.7
2009_002523 0.014 312.0 133.9 378.6 196.5
2009_002558 0.019 134.8 115.3 355.0 277.3
2009_002561 0.264 111.8 98.4 233.7 304.9
2009_002561 0.014 163.1 141.7 230.9 296.3
2009_002561 0.010 120.6 141.8 183.0 300.3
2009_002579 0.016 297.2 192.3 332.2 227.6
2009_002579 0.016 317.7 194.0 336.4 227.9
2009_002579 0.013 178.5 208.6 224.3 240.8
2009_002579 0.010 294.0 189.4 359.2 236.4
2009_002597 0.010 231.6 223.0 302.7 287.9
2009_002612 0.018 217.5 258.9 278.6 320.7
2009_002612 0.014 196.6 279.0 243.2 323.5
2009_002621 0.323 171.4 85.9 289.2 311.1
2009_002621 0.022 19.0 2.2 229.1 313.3
2009_002621 0.021 66.5 165.4 303.8 295.9
2009_002621 0.018 101.0 34.9 328.0 327.3
2009_002621 0.015 129.6 209.6 330.0 315.8
2009_002624 0.294 111.3 90.7 361.0 475.6
2009_002626 0.012 427.3 319.0 500.3 389.4
2009_002695 0.336 203.3 148.8 248.7 245.5
2009_002695 0.284 151.3 150.1 206.3 216.6
2009_002695 0.167 170.0 148.3 224.5 227.3
2009_002695 0.131 223.9 148.8 277.5 252.0
2009_002695 0.074 248.7 144.0 302.4 236.0
2009_002695 0.032 279.8 147.4 334.6 228.7
2009_002695 0.025 171.5 159.3 203.7 209.8
2009_002695 0.024 87.7 147.7 125.6 206.1
2009_002695 0.020 166.3 160.3 271.1 209.1
2009_002695 0.020 165.8 167.1 241.1 250.8
2009_002695 0.019 208.0 157.6 296.6 214.8
2009_002695 0.013 135.9 171.5 215.2 247.4
2009_002695 0.013 317.0 146.4 340.4 196.8
2009_002695 0.013 169.4 177.6 277.0 228.5
2009_002695 0.012 223.2 177.7 334.2 227.8
2009_002695 0.012 164.7 195.3 287.0 245.3
2009_002704 0.036 77.4 61.5 378.7 270.1
2009_002715 0.018 -11.5 -15.6 504.2 311.7
2009_002746 0.012 12.3 281.8 106.4 351.2
2009_002764 0.027 -10.1 3.2 504.2 376.9
2009_002792 0.012 -3.2 120.0 77.2 193.7
2009_002813 0.024 333.3 15.2 419.7 63.7
2009_002824 0.259 142.4 175.8 319.6 274.0
2009_002824 0.013 170.8 221.8 246.6 270.3
2009_002831 0.019 255.9 29.5 332.9 79.2
2009_002831 0.012 320.5 188.0 336.9 216.2
2009_002831 0.012 296.6 185.2 327.8 218.6
2009_002831 0.010 272.4 186.6 335.0 230.9
2009_002847 0.015 270.5 310.5 352.6 372.1
2009_002872 0.650 81.7 23.7 286.9 445.1
2009_002872 0.012 231.4 237.0 276.8 322.4
2009_002885 0.014 20.9 12.1 460.0 379.8
2009_002897 0.047 159.8 38.2 222.3 69.5
2009_002897 0.025 3.5 132.7 93.1 270.6
2009_002897 0.022 115.6 49.8 152.1 74.8
2009_002897 0.018 23.7 199.3 98.6 269.9
2009_002897 0.017 431.0 26.2 449.7 56.7
2009_002897 0.012 78.3 89.3 191.8 302.5
2009_002908 0.999 109.6 94.6 422.5 308.6
2009_002908 0.021 382.0 63.2 500.1 262.7
2009_002908 0.010 341.2 80.3 545.3 309.3
2009_002921 0.027 246.2 258.6 290.9 329.3
2009_002921 0.024 280.1 251.7 309.8 311.0
2009_002937 0.027 271.8 209.6 295.8 238.5
2009_002937 0.021 256.1 211.0 288.5 241.0
2009_002937 0.018 284.1 205.9 312.8 242.0
2009_002937 0.014 264.7 206.1 339.5 248.4
2009_002937 0.011 228.9 212.6 281.4 243.9
2009_002952 0.019 29.2 128.1 324.9 249.4
2009_002972 0.012 171.8 180.2 227.2 253.6
2009_003019 0.025 1.4 90.0 409.3 267.5
2009_003032 0.013 -7.3 79.0 202.9 339.2
2009_003035 0.074 410.9 317.0 476.7 378.2
2009_003039 0.018 6.1 238.7 35.6 287.9
2009_003042 0.019 15.7 193.4 54.5 232.1
2009_003042 0.011 5.4 170.8 60.8 233.7
2009_003075 0.114 142.5 114.3 246.4 272.6
2009_003075 0.026 435.5 123.4 472.1 162.5
2009_003075 0.017 215.7 101.4 302.4 182.5
2009_003075 0.014 448.9 111.2 467.9 156.0
2009_003075 0.013 425.0 116.5 443.7 146.7
2009_003075 0.012 381.6 121.0 417.6 143.2
2009_003075 0.012 400.9 112.3 469.9 160.0
2009_003107 0.138 2.2 39.4 180.8 352.5
2009_003107 0.074 184.0 27.9 411.8 366.0
2009_003168 0.032 124.5 130.8 209.6 189.3
2009_003173 0.013 -0.8 218.5 58.4 294.6
2009_003173 0.011 4.2 243.1 98.5 446.9
2009_003200 0.037 260.0 88.7 322.2 115.7
2009_003200 0.016 1.6 41.9 62.2 114.5
2009_003208 0.041 109.3 303.7 147.2 346.9
2009_003225 0.017 305.5 137.5 354.9 203.8
2009_003253 0.014 211.3 43.9 272.6 92.2
2009_003265 0.012 7.3 149.4 32.9 179.4
2009_003265 0.012 8.3 145.7 22.3 174.2
2009_003309 0.855 -0.5 -1.4 492.5 376.9
2009_003310 0.690 20.9 63.8 286.1 327.0
2009_003310 0.125 161.6 88.8 318.5 327.5
2009_003310 0.010 170.7 67.2 319.6 204.1
2009_003352 0.146 3.0 228.4 100.9 291.6
2009_003369 0.026 190.7 183.8 253.3 248.1
2009_003369 0.011 187.8 194.3 226.5 251.5
2009_003383 0.015 222.7 297.4 295.8 374.1
2009_003385 0.020 383.6 189.9 455.6 245.9
2009_003425 0.092 191.9 215.4 247.0 270.8
2009_003425 0.027 262.8 183.7 318.5 240.4
2009_003425 0.011 229.7 166.9 294.5 249.2
2009_003436 0.011 201.4 54.7 267.5 128.6
2009_003446 0.087 111.2 126.9 433.3 199.3
2009_003459 0.029 238.4 69.6 503.5 301.9
2009_003461 0.014 20.4 134.8 229.9 274.7
2009_003490 0.027 161.7 67.4 406.2 244.1
2009_003490 0.019 47.5 194.0 137.3 220.5
2009_003497 0.015 -14.4 141.7 272.9 383.8
2009_003511 0.050 58.2 75.2 392.8 317.4
2009_003511 0.018 63.2 125.0 123.1 290.6
2009_003511 0.011 61.5 128.1 251.6 301.9
2009_003511 0.010 442.0 62.8 463.9 108.8
2009_003519 0.020 238.8 98.4 422.0 222.2
2009_003540 0.027 28.0 69.7 247.9 326.9
2009_003540 0.014 43.4 143.4 105.8 209.9
2009_003545 0.011 -13.0 51.6 484.9 318.0
2009_003572 0.013 7.8 128.1 89.4 198.9
2009_003572 0.012 437.7 302.2 501.1 381.6
2009_003572 0.011 61.3 117.1 139.6 191.5
2009_003594 0.013 8.7 62.2 471.2 231.0
2009_003609 0.024 56.8 154.5 228.9 407.1
2009_003636 0.066 38.6 107.4 500.4 253.5
2009_003646 0.013 221.0 176.3 246.0 224.4
2009_003660 0.014 183.2 90.5 200.6 120.8
2009_003668 0.014 274.8 102.1 351.7 155.9
2009_003683 0.012 298.9 3.9 353.6 54.5
2009_003695 0.016 96.5 176.5 148.3 232.5
2009_003702 0.010 309.5 212.5 366.9 277.3
2009_003717 0.908 208.8 123.8 400.9 308.3
2009_003717 0.039 200.6 63.0 322.6 292.8
2009_003720 0.026 69.7 110.2 325.0 273.4
2009_003720 0.011 188.5 206.0 260.1 267.5
2009_003736 0.556 243.8 136.0 350.5 306.4
2009_003736 0.125 307.9 192.6 358.4 314.8
2009_003736 0.024 277.5 174.3 356.6 285.7
2009_003736 0.016 157.1 102.3 355.0 294.1
2009_003736 0.010 261.7 199.4 390.3 245.3
2009_003743 0.020 60.0 183.5 128.1 241.6
2009_003753 0.787 206.0 172.8 356.2 450.6
2009_003775 0.022 63.8 287.9 140.1 346.8
2009_003775 0.013 228.2 248.4 284.0 318.0
2009_003786 0.096 86.1 151.9 478.8 379.6
2009_003786 0.057 415.5 312.3 483.8 376.3
2009_003799 0.053 176.0 187.6 240.0 252.3
2009_003799 0.017 327.7 156.0 360.4 214.8
2009_003799 0.016 299.4 166.0 325.3 217.3
2009_003838 0.020 192.3 148.7 248.1 221.1
2009_003852 0.062 340.7 169.4 416.4 214.0
2009_003867 0.011 395.4 227.4 431.8 266.0
2009_003883 0.015 281.0 331.4 325.1 359.3
2009_003900 0.025 281.1 78.8 357.4 126.0
2009_003913 0.501 95.5 146.5 383.2 304.4
2009_003913 0.071 54.6 104.8 183.8 278.3
2009_003913 0.014 169.4 101.9 363.9 204.2
2009_003913 0.013 204.7 170.5 419.0 294.4
2009_003966 0.049 195.9 308.0 245.4 364.1
2009_003966 0.027 251.8 244.4 291.6 288.8
2009_003966 0.018 389.7 318.6 431.8 357.6
2009_003966 0.016 217.0 304.6 281.4 368.2
2009_003966 0.013 285.8 286.0 333.4 323.7
2009_003976 0.046 203.2 240.1 236.3 298.3
2009_003976 0.022 218.6 231.9 246.5 288.1
2009_003976 0.012 232.1 237.2 260.5 286.4
2009_003976 0.010 153.0 39.3 392.2 295.6
2009_003994 0.955 74.5 66.1 364.9 291.9
2009_003994 0.010 197.4 238.5 228.1 294.6
2009_004055 0.998 32.0 95.6 347.7 333.9
2009_004069 0.782 105.3 174.5 220.4 273.2
2009_004069 0.121 108.3 203.8 167.4 277.9
2009_004069 0.046 127.7 207.9 154.8 271.5
2009_004069 0.033 100.0 207.6 134.3 274.1
2009_004069 0.018 124.2 182.4 327.1 284.6
2009_004069 0.016 109.7 196.4 144.7 262.3
2009_004069 0.012 92.8 167.2 209.6 230.2
2009_004069 0.012 139.0 213.9 164.2 274.3
2009_004069 0.010 157.7 188.2 241.0 290.7
2009_004069 0.010 141.2 214.6 197.9 274.0
2009_004074 0.013 140.3 112.5 400.5 332.2
2009_004088 0.048 4.5 179.4 30.0 239.5
2009_004109 0.012 164.2 85.8 224.3 154.0
2009_004112 0.012 25.3 77.8 444.6 270.4
2009_004117 0.793 96.0 14.1 280.8 342.7
2009_004117 0.018 132.8 148.1 279.2 371.1
2009_004117 0.012 104.5 162.2 211.3 350.2
2009_004139 0.019 436.7 296.4 492.4 375.0
2009_004154 0.019 421.7 235.2 497.0 291.1
2009_004159 0.018 98.5 256.4 112.7 294.7
2009_004168 0.891 3.7 40.8 325.8 503.9
2009_004169 0.010 229.5 249.9 281.4 322.0
2009_004178 0.012 477.2 208.2 500.3 267.8
2009_004183 0.052 379.3 235.8 450.1 287.0
2009_004183 0.043 378.6 147.9 438.2 277.4
2009_004183 0.028 87.7 249.7 117.4 294.8
2009_004183 0.022 394.8 236.9 414.4 286.5
2009_004183 0.020 383.6 238.6 402.2 284.1
2009_004183 0.020 335.5 160.0 384.8 268.3
2009_004183 0.019 353.6 237.8 410.5 288.1
2009_004183 0.011 408.0 226.8 434.1 282.2
2009_004186 0.019 5.5 274.5 30.3 312.9
2009_004191 0.014 87.4 305.4 161.3 372.3
2009_004212 0.030 198.6 -6.3 497.7 309.0
2009_004229 0.998 129.6 92.1 323.4 448.4
2009_004229 0.014 34.6 105.1 248.1 430.8
2009_004271 0.998 9.9 1.2 456.7 386.3
2009_004290 0.109 322.1 18.1 505.6 324.9
2009_004308 0.013 13.8 141.0 55.0 197.4
2009_004316 0.014 2.7 18.4 74.6 63.3
2009_004327 0.018 14.2 10.8 320.4 329.8
2009_004334 0.999 91.9 174.2 416.8 346.8
2009_004334 0.036 318.6 242.5 390.5 304.1
2009_004334 0.030 371.0 180.5 435.4 237.5
2009_004351 0.020 309.9 15.6 377.1 78.5
2009_004368 0.022 4.0 83.6 80.0 124.5
2009_004417 0.607 15.8 1.5 424.6 495.8
2009_004449 0.037 242.5 220.6 302.4 295.1
2009_004449 0.019 275.4 222.4 306.3 282.0
2009_004486 0.043 3.5 178.5 53.3 242.9
2009_004486 0.033 6.8 179.5 29.1 231.6
2009_004486 0.024 24.2 176.3 42.5 227.7
2009_004486 0.013 23.5 182.0 79.7 246.2
2009_004492 0.012 443.8 72.8 500.0 138.5
2009_004561 0.024 263.4 107.3 309.8 142.3
2009_004565 0.026 266.2 307.8 345.7 368.4
2009_004631 0.023 359.5 56.6 452.7 125.5
2009_004639 0.114 329.7 172.6 403.6 235.3
2009_004639 0.013 338.0 200.8 403.2 228.8
2009_004643 0.013 349.7 215.4 382.2 258.7
2009_004684 0.013 143.0 38.7 317.3 358.0
2009_004694 0.012 42.2 191.4 98.5 249.3
2009_004710 0.031 126.3 119.2 181.3 161.2
2009_004745 0.011 180.6 179.1 240.9 245.1
2009_004797 0.034 224.2 262.9 285.8 316.1
2009_004798 0.680 91.6 62.0 429.8 285.0
2009_004904 0.015 371.2 170.2 445.5 232.7
2009_004904 0.012 290.4 259.0 361.3 317.6
2009_004921 0.032 158.5 76.0 201.2 142.9
2009_004945 0.023 236.5 113.7 309.7 179.5
2009_004945 0.013 251.1 118.3 297.7 147.4
2009_004945 0.011 348.8 78.3 427.6 135.2
2009_004972 0.178 153.4 127.2 278.3 292.8
2009_004972 0.021 169.0 67.9 184.4 90.9
2009_004972 0.015 244.5 106.2 502.5 198.9
2009_004972 0.011 143.9 73.1 180.1 91.1
2009_004979 0.013 241.0 24.8 503.8 421.7
2009_005006 0.014 350.1 401.4 404.6 494.7
2009_005031 0.010 476.7 55.0 496.1 71.6
2009_005040 0.010 394.9 54.3 466.3 117.7
2009_005045 0.010 81.7 12.8 452.0 369.1
2009_005076 0.015 452.4 291.8 481.4 342.1
2009_005081 0.027 170.3 163.6 230.6 219.3
2009_005081 0.019 195.0 160.2 219.8 219.8
2009_005081 0.012 211.2 162.0 267.4 222.5
2009_005102 0.017 302.7 147.9 372.4 218.4
2009_005118 0.036 62.5 89.5 396.4 318.3
2009_005130 0.010 171.1 132.0 198.0 177.8
2009_005154 0.240 198.8 197.0 242.3 262.1
2009_005154 0.051 213.8 199.1 271.0 265.0
2009_005154 0.011 116.0 167.2 184.8 230.8
2009_005218 0.022 117.1 259.3 136.3 297.0
2009_005218 0.018 252.7 262.5 271.7 295.7
2009_005218 0.016 394.5 256.1 421.5 302.5
2009_005234 0.014 173.2 137.1 219.0 189.0
2009_005256 0.010 226.6 202.0 268.7 245.7
2009_005263 0.011 89.6 37.2 225.1 320.9
2009_005293 0.015 430.8 256.2 502.8 322.6
2010_000014 0.025 2.2 2.8 503.5 321.2
2010_000018 0.706 -0.1 16.8 444.9 339.0
2010_000031 0.021 123.1 116.9 182.8 173.7
2010_000043 0.021 7.6 65.7 494.2 268.6
2010_000052 0.017 354.4 154.3 501.3 241.0
2010_000063 0.997 137.4 74.3 422.9 404.8
2010_000063 0.024 225.8 63.4 420.4 270.5
2010_000067 0.019 -1.0 118.7 241.6 438.9
2010_000073 0.022 393.8 67.9 428.6 100.3
2010_000075 0.011 280.2 136.8 350.3 216.8
2010_000091 0.018 159.5 66.7 205.0 118.0
2010_000091 0.010 150.5 72.9 215.9 141.4
2010_000103 0.050 424.1 227.1 498.6 285.5
2010_000103 0.030 388.6 229.5 452.6 287.6
2010_000117 0.011 182.5 140.3 250.9 184.5
2010_000152 0.143 96.5 117.6 411.7 279.0
2010_000152 0.061 246.4 82.9 320.7 156.4
2010_000157 0.023 307.1 137.0 371.1 200.0
2010_000233 0.013 375.3 2.6 444.4 48.4
2010_000233 0.010 238.6 155.8 318.2 202.8
2010_000248 0.037 287.7 93.2 378.1 163.3
2010_000250 0.367 71.6 24.9 430.4 327.1
2010_000285 0.016 122.3 178.7 181.4 265.8
2010_000299 0.024 287.7 116.3 341.1 181.2
2010_000329 0.762 145.5 42.9 385.6 379.8
2010_000329 0.029 56.2 71.2 312.1 352.3
2010_000329 0.011 37.0 76.2 153.9 304.7
2010_000371 0.052 64.8 -0.1 132.7 68.2
2010_000371 0.044 -4.5 51.7 69.0 118.5
2010_000371 0.018 86.1 2.4 115.7 60.6
2010_000371 0.017 278.1 144.4 322.8 194.5
2010_000371 0.016 36.8 2.1 111.3 74.6
2010_000371 0.015 149.1 4.3 216.4 56.8
2010_000371 0.011 101.8 6.0 126.0 67.4
2010_000371 0.010 168.0 1.8 240.7 47.8
2010_000413 0.011 117.6 104.3 140.4 129.2
2010_000420 0.039 455.0 170.6 467.0 193.5
2010_000420 0.024 439.4 169.2 450.7 190.1
2010_000420 0.018 425.2 165.0 492.8 219.1
2010_000420 0.017 446.5 174.4 476.2 201.6
2010_000420 0.015 429.7 168.2 442.3 186.0
2010_000420 0.012 431.3 174.1 461.4 200.0
2010_000420 0.012 398.9 168.0 468.9 215.6
2010_000420 0.011 467.4 170.1 481.2 200.8
2010_000480 0.958 47.0 138.7 442.9 393.2
2010_000480 0.053 368.8 159.7 492.1 288.1
2010_000480 0.027 78.8 189.5 136.0 228.2
2010_000480 0.025 289.5 125.4 500.8 347.4
2010_000513 0.011 26.9 6.2 94.0 97.2
2010_000513 0.010 146.6 227.3 178.3 294.0
2010_000527 0.947 170.2 134.2 286.4 317.9
2010_000527 0.180 208.5 148.2 323.6 340.6
2010_000527 0.058 162.3 193.9 204.5 263.0
2010_000527 0.028 162.1 134.6 271.8 220.1
2010_000527 0.015 161.8 166.5 237.5 290.6
2010_000564 0.028 189.9 53.6 297.4 286.1
2010_000564 0.014 192.3 57.7 404.2 246.2
2010_000577 0.010 360.7 -2.0 398.6 22.5
2010_000588 0.011 5.9 22.8 368.1 446.9
2010_000601 0.016 299.4 312.5 372.9 378.6
2010_000601 0.013 259.7 37.7 343.5 110.9
2010_000645 0.012 1.8 272.4 59.9 300.6
2010_000667 0.027 170.7 151.5 210.2 216.0
2010_000667 0.013 6.0 154.6 19.6 193.3
2010_000671 0.011 133.2 52.7 431.9 276.0
2010_000681 0.010 243.2 139.5 310.9 200.2
2010_000702 0.379 179.8 104.3 301.9 243.8
2010_000702 0.012 3.4 142.6 42.6 183.2
2010_000710 0.719 63.3 77.5 266.5 308.7
2010_000710 0.565 106.2 65.6 446.9 320.8
2010_000723 0.021 91.6 150.0 143.2 181.8
2010_000739 0.017 171.4 164.2 249.8 220.3
2010_000769 0.021 433.6 321.6 490.7 368.5
2010_000787 0.013 66.3 195.0 110.4 240.4
2010_000815 0.015 6.2 158.2 59.1 229.5
2010_000885 0.012 35.9 171.7 104.2 227.7
2010_000899 0.035 258.4 100.8 284.1 138.3
2010_000899 0.020 242.0 94.7 311.4 139.8
2010_000899 0.010 267.4 104.9 310.9 137.3
2010_000908 0.851 20.5 172.1 206.1 332.9
2010_000908 0.569 202.7 74.4 343.5 328.4
2010_000908 0.021 12.5 176.5 83.1 321.2
2010_000908 0.019 -10.6 192.0 129.9 331.9
2010_000908 0.015 292.2 70.0 501.9 322.9
2010_000908 0.013 9.5 268.7 70.4 336.5
2010_000908 0.010 -0.1 174.0 44.7 314.9
2010_000910 0.013 258.5 185.1 454.4 376.5
2010_000914 0.063 246.1 329.2 321.5 377.5
2010_000914 0.062 75.5 6.5 506.7 382.8
2010_000914 0.020 259.7 334.2 305.3 365.0
2010_000920 0.013 194.4 280.5 226.7 345.4
2010_000920 0.012 156.9 260.2 223.0 332.9
2010_000984 0.014 179.8 216.5 203.9 272.1
2010_001043 0.011 51.3 149.5 440.6 300.8
2010_001066 0.129 74.5 19.0 410.6 360.0
2010_001076 0.032 5.4 189.9 53.9 258.9
2010_001100 0.012 130.0 316.1 208.1 376.8
2010_001105 0.015 10.1 133.8 362.1 251.9
2010_001106 0.017 107.0 98.1 146.8 128.0
2010_001126 0.567 23.3 104.9 401.5 300.3
2010_001134 0.023 342.9 87.2 365.3 143.3
2010_001211 0.039 266.1 4.2 338.0 55.6
2010_001212 0.999 76.6 139.7 304.9 301.4
2010_001250 0.031 267.2 181.0 334.6 232.0
2010_001250 0.016 272.8 180.3 309.2 215.8
2010_001250 0.015 281.1 185.4 313.9 206.9
2010_001271 0.012 309.5 175.8 347.0 247.3
2010_001273 0.011 255.0 126.4 429.0 247.0
2010_001275 0.029 33.9 73.2 379.2 282.2
2010_001275 0.011 253.6 78.6 359.0 130.0
2010_001317 0.013 7.9 183.5 23.5 216.8
2010_001317 0.011 5.3 188.0 35.2 220.3
2010_001317 0.011 200.5 145.8 274.9 207.5
2010_001329 0.839 15.1 104.6 315.2 480.5
2010_001338 0.019 398.6 48.5 423.6 89.5
2010_001338 0.011 381.1 45.8 403.2 87.0
2010_001344 0.091 69.8 91.6 259.9 443.3
2010_001347 0.018 362.3 3.1 434.0 42.0
2010_001360 0.013 351.8 42.6 428.1 104.4
2010_001366 0.346 210.8 157.1 476.1 352.6
2010_001374 0.998 36.2 15.6 471.0 329.5
2010_001399 0.023 182.7 91.0 200.1 123.5
2010_001464 0.270 66.9 15.7 221.9 314.3
2010_001464 0.041 258.9 210.1 323.9 274.5
2010_001464 0.012 71.4 122.8 106.1 185.2
2010_001499 0.040 257.0 172.7 327.4 230.1
2010_001533 0.010 -3.1 289.2 77.5 371.6
2010_001550 0.922 96.6 82.3 331.1 309.8
2010_001551 0.024 228.7 254.5 292.0 315.0
2010_001551 0.012 257.9 257.9 289.4 311.1
2010_001583 0.026 391.9 107.0 433.9 145.0
2010_001603 0.019 143.5 245.2 187.4 296.7
2010_001647 0.016 130.8 303.5 180.6 356.0
2010_001650 0.112 50.2 143.3 72.0 189.0
2010_001709 0.014 332.6 203.1 394.9 278.5
2010_001715 0.011 131.6 96.3 161.5 129.0
2010_001753 0.034 289.7 148.8 376.0 201.5
2010_001762 0.022 87.1 233.2 134.9 312.9
2010_001776 0.029 266.9 6.0 312.3 45.0
2010_001776 0.011 276.5 3.9 320.2 30.9
2010_001780 0.011 244.2 116.5 304.4 213.7
2010_001795 0.024 282.5 7.4 351.9 82.5
2010_001810 0.024 179.8 87.8 266.9 148.1
2010_001846 0.012 125.2 227.3 199.4 293.5
2010_001852 0.033 225.2 146.9 282.7 298.2
2010_001853 0.984 240.8 8.1 467.3 229.3
2010_001853 0.020 399.2 76.5 480.9 158.2
2010_001860 0.068 4.8 45.9 492.3 227.8
2010_001870 0.447 210.4 276.5 239.3 314.3
2010_001870 0.014 200.1 278.6 258.3 331.0
2010_001870 0.012 212.8 251.1 233.5 295.6
2010_001881 0.018 66.5 82.6 302.5 487.1
2010_001884 0.031 131.9 49.2 439.1 331.5
2010_001896 0.558 40.4 33.9 283.0 401.9
2010_001911 0.023 398.2 207.8 450.1 257.3
2010_001911 0.016 44.9 180.2 67.4 212.2
2010_001919 0.209 144.6 304.6 226.0 437.7
2010_001919 0.017 251.5 396.7 319.2 487.1
2010_001919 0.012 160.3 343.3 214.5 431.4
2010_001919 0.012 92.5 303.4 145.5 445.0
2010_001922 0.035 94.5 -0.8 395.9 336.9
2010_001933 0.016 1.5 -0.3 58.8 104.5
2010_001934 0.013 305.7 212.3 370.8 280.5
2010_001939 0.015 153.9 149.7 392.4 411.6
2010_002020 0.013 183.4 294.6 238.6 341.5
2010_002042 0.031 220.3 304.9 276.2 371.9
2010_002118 0.031 166.7 96.5 225.5 270.6
2010_002129 0.011 136.3 253.1 228.8 330.4
2010_002129 0.011 128.6 206.9 303.9 334.6
2010_002130 0.064 21.5 15.4 496.6 333.8
2010_002152 0.093 128.0 31.5 302.5 349.0
2010_002152 0.010 385.8 151.1 450.8 210.9
2010_002203 0.011 358.9 182.8 436.8 251.8
2010_002220 0.115 404.7 106.2 433.5 180.2
2010_002220 0.061 131.7 164.3 182.2 199.0
2010_002220 0.011 25.9 165.9 99.4 212.0
2010_002243 0.022 236.3 234.8 261.6 264.1
2010_002243 0.010 267.1 236.4 289.9 267.8
2010_002243 0.010 240.9 238.7 280.4 268.3
2010_002263 0.194 245.4 180.5 324.1 266.0
2010_002263 0.026 39.4 307.2 105.1 375.1
2010_002263 0.013 36.2 309.6 74.4 366.3
2010_002263 0.011 255.4 298.5 312.2 374.3
2010_002299 0.016 24.0 295.3 87.5 339.5
2010_002369 0.038 230.8 133.5 288.4 203.4
2010_002400 0.040 -0.5 67.5 400.5 361.8
2010_002424 0.023 460.4 107.3 491.3 157.8
2010_002424 0.012 476.5 110.7 496.4 155.7
2010_002424 0.010 0.9 91.7 52.0 153.2
2010_002439 0.011 235.6 165.3 279.2 208.6
2010_002440 0.017 166.4 176.5 240.9 217.3
2010_002440 0.016 229.7 93.6 272.0 133.3
2010_002472 0.017 174.6 0.0 242.5 51.4
2010_002552 0.017 425.1 132.5 488.3 209.3
2010_002583 0.038 86.9 -3.2 484.1 373.6
2010_002615 0.019 50.3 103.5 500.5 276.0
2010_002618 0.011 12.5 4.7 82.6 77.1
2010_002642 0.995 138.3 173.9 369.9 340.9
2010_002642 0.035 300.2 176.8 370.8 239.6
2010_002642 0.024 445.8 222.1 499.9 283.9
2010_002642 0.024 342.7 195.0 369.1 235.4
2010_002642 0.018 5.6 212.1 152.0 338.4
2010_002642 0.017 6.9 201.2 115.1 286.7
2010_002642 0.015 461.5 233.3 486.6 282.9
2010_002642 0.012 453.5 222.5 471.7 275.7
2010_002642 0.012 143.8 215.4 213.4 309.4
2010_002642 0.010 327.3 188.1 360.3 236.7
2010_002656 0.014 137.3 291.5 189.4 398.5
2010_002675 0.049 11.7 156.3 93.0 216.4
2010_002692 0.011 244.4 213.5 297.9 280.8
2010_002720 0.012 405.5 132.2 441.8 181.8
2010_002729 0.012 375.1 246.1 460.8 294.2
2010_002747 0.987 32.7 28.3 475.4 433.0
2010_002747 0.011 361.7 22.9 502.1 153.8
2010_002815 0.013 4.7 299.7 39.3 332.5
2010_002816 0.157 24.0 96.7 370.8 492.9
2010_002880 0.014 76.4 159.6 121.0 248.1
2010_002884 0.025 332.4 74.2 414.5 96.5
2010_002917 0.017 5.9 230.7 34.2 252.7
2010_002917 0.017 4.8 239.1 52.8 252.2
2010_002917 0.011 -0.7 225.3 71.0 266.2
2010_002935 0.021 125.0 79.2 420.8 304.4
2010_002941 0.141 160.0 436.4 198.1 461.4
2010_003003 0.011 103.4 266.5 146.7 287.7
2010_003010 0.014 351.6 232.2 378.0 280.5
2010_003034 0.025 23.0 169.9 191.0 274.9
2010_003034 0.015 241.8 191.4 433.1 290.9
2010_003047 0.020 104.1 42.1 494.1 367.4
2010_003047 0.013 326.8 327.5 364.9 376.4
2010_003138 0.791 -1.2 23.5 466.4 365.7
2010_003149 0.019 225.1 168.3 263.3 218.5
2010_003153 0.026 167.6 99.2 384.4 331.5
2010_003169 0.184 8.8 152.4 154.6 235.0
2010_003186 0.011 166.2 7.7 227.8 80.5
2010_003204 0.013 147.1 253.2 203.3 332.1
2010_003252 0.011 371.7 0.2 434.4 30.1
2010_003264 0.012 143.1 171.2 199.4 227.2
2010_003269 0.017 11.4 4.2 397.0 329.7
2010_003274 0.071 140.5 16.3 220.1 71.7
2010_003274 0.030 290.3 29.2 369.1 84.7
2010_003283 0.991 128.5 187.8 234.9 408.6
2010_003283 0.012 143.5 215.1 197.5 420.3
2010_003343 0.028 198.2 289.2 263.3 339.2
2010_003343 0.015 187.9 157.4 237.7 215.2
2010_003353 0.018 387.1 101.1 458.5 181.7
2010_003391 0.019 240.7 198.2 299.4 253.8
2010_003391 0.010 260.1 215.5 293.2 255.4
2010_003406 0.034 102.2 162.7 147.3 210.3
2010_003421 0.015 7.5 -0.7 501.0 339.8
2010_003435 0.044 130.3 176.1 187.4 250.3
2010_003435 0.011 139.7 192.7 166.5 215.5
2010_003435 0.011 134.4 177.6 159.1 236.6
2010_003478 0.022 56.3 140.6 319.6 367.8
2010_003478 0.018 341.5 273.8 404.4 334.3
2010_003535 0.026 195.2 192.5 261.2 248.1
2010_003535 0.014 192.0 149.6 464.1 340.2
2010_003546 0.012 132.6 311.3 206.5 372.6
2010_003554 0.021 149.0 67.6 208.4 123.3
2010_003554 0.017 184.2 66.7 215.4 115.0
2010_003554 0.013 152.1 78.5 184.1 129.9
2010_003576 0.197 209.4 63.4 488.3 337.2
2010_003592 0.010 307.3 170.0 379.6 199.7
2010_003686 0.047 256.3 192.0 323.9 288.6
2010_003686 0.017 403.6 304.3 419.8 352.1
2010_003686 0.010 273.1 196.1 304.9 286.3
2010_003703 0.208 60.0 173.3 209.6 349.8
2010_003703 0.042 -2.6 161.4 86.0 322.4
2010_003703 0.034 26.2 137.6 147.7 276.7
2010_003703 0.025 299.8 242.7 344.1 329.1
2010_003703 0.013 223.5 217.4 283.5 311.9
2010_003703 0.011 8.3 39.4 206.4 289.0
2010_003736 0.012 221.7 233.6 284.1 310.7
2010_003743 0.025 231.0 70.9 337.7 243.4
2010_003788 0.020 -0.8 138.5 63.3 192.7
2010_003788 0.011 390.8 175.9 457.3 229.4
2010_003856 0.053 198.1 203.7 252.5 251.4
2010_003860 0.028 47.6 108.0 324.8 371.3
2010_003860 0.015 87.7 49.2 316.6 258.2
2010_003860 0.011 124.3 62.4 198.0 118.4
2010_003892 0.014 5.0 200.1 46.0 233.6
2010_003931 0.016 88.0 60.7 478.7 354.3
2010_003954 0.015 124.3 25.4 361.3 334.3
2010_003982 0.126 183.9 154.3 265.8 221.7
2010_003982 0.048 251.3 137.9 322.6 194.9
2010_003982 0.015 220.5 154.5 306.3 214.6
2010_003982 0.010 182.4 179.4 296.5 229.0
2010_004025 0.950 58.3 34.9 419.3 356.7
2010_004025 0.017 358.9 104.8 417.5 280.9
2010_004025 0.014 261.3 46.8 432.6 340.2
2010_004060 0.979 57.4 97.9 323.2 481.8
2010_004060 0.017 49.3 168.7 151.2 477.6
2010_004089 0.014 186.0 239.3 253.4 318.2
2010_004089 0.013 242.8 211.0 301.4 298.0
2010_004089 0.012 240.6 118.9 298.5 204.4
2010_004111 0.225 201.1 177.9 269.7 241.5
2010_004116 0.012 18.9 108.5 295.2 465.6
2010_004118 0.029 9.8 138.7 84.8 212.8
2010_004118 0.018 277.1 171.9 358.9 233.5
2010_004118 0.013 19.6 166.0 97.5 233.0
2010_004168 0.052 40.3 96.0 468.9 232.1
2010_004282 0.015 5.0 72.8 53.6 106.9
2010_004344 0.022 148.4 215.5 197.5 275.0
2010_004349 0.981 43.7 48.5 399.2 323.2
2010_004360 0.017 220.5 136.8 380.2 275.1
2010_004366 0.034 135.0 255.6 169.5 272.1
2010_004371 0.038 227.1 300.0 292.9 373.6
2010_004373 0.011 427.8 169.7 463.3 246.7
2010_004412 0.012 404.0 207.8 433.8 279.8
2010_004412 0.011 398.4 217.2 459.8 285.0
2010_004451 0.083 400.7 219.2 457.8 283.6
2010_004451 0.012 331.6 49.5 393.6 132.8
2010_004451 0.012 3.3 126.1 82.5 187.8
2010_004466 0.197 270.3 195.4 444.9 341.1
2010_004467 0.014 267.3 127.8 320.4 189.2
2010_004467 0.014 284.8 170.3 320.9 214.4
2010_004476 0.012 437.8 223.1 459.9 249.5
2010_004491 0.010 55.2 195.7 89.3 217.9
2010_004493 0.156 24.0 52.6 334.4 406.0
2010_004577 0.044 131.3 54.9 238.4 326.7
2010_004592 0.058 16.6 232.2 87.3 293.9
2010_004616 0.907 34.3 29.6 371.6 346.2
2010_004616 0.016 202.9 268.1 285.4 336.6
2010_004666 0.012 360.0 175.3 427.6 196.1
2010_004694 0.157 248.3 63.5 488.9 367.4
2010_004694 0.028 49.7 85.9 279.0 321.8
2010_004698 0.015 469.2 10.2 497.6 80.0
2010_004708 0.022 172.4 81.1 489.1 377.7
2010_004710 0.011 282.7 0.7 353.9 67.9
2010_004712 0.010 46.5 151.0 106.3 193.9
2010_004729 0.011 -5.2 150.4 64.4 189.7
2010_004822 0.999 24.7 18.6 459.1 308.1
2010_004838 0.986 65.2 131.0 355.3 444.8
2010_004838 0.010 106.0 107.7 266.1 359.6
2010_004896 0.013 111.0 84.7 168.8 155.2
2010_004918 0.055 269.0 197.5 289.3 257.2
2010_004918 0.051 176.2 249.9 211.8 307.1
2010_004918 0.025 329.1 187.5 351.8 247.9
2010_004918 0.019 298.6 191.1 317.9 252.1
2010_004918 0.016 246.4 191.1 299.4 259.1
2010_004918 0.014 355.8 183.0 377.6 240.5
2010_004918 0.013 338.1 184.1 385.5 245.3
2010_004918 0.012 274.2 194.9 332.1 257.8
2010_004918 0.012 343.3 184.1 364.7 242.9
2010_004943 0.030 85.1 170.5 110.6 232.4
2010_004944 0.017 262.0 111.8 326.2 167.3
2010_004953 0.012 409.0 196.0 469.8 247.9
2010_004971 0.983 120.5 37.3 387.5 371.8
2010_004971 0.013 269.9 25.5 398.7 257.2
2010_004995 0.726 157.2 41.8 436.0 370.0
2010_004995 0.263 11.5 92.6 67.6 167.8
2010_004995 0.147 32.4 119.1 58.9 168.6
2010_004995 0.110 20.6 59.8 219.0 382.8
2010_004995 0.034 18.5 109.4 68.7 144.0
2010_004995 0.028 23.9 115.6 50.7 177.7
2010_004995 0.019 355.4 96.3 457.2 220.1
2010_004995 0.018 84.3 112.2 206.4 240.9
2010_004995 0.016 342.6 73.7 446.1 317.8
2010_004995 0.014 8.3 105.7 37.0 177.4
2010_004995 0.014 179.7 226.7 416.5 369.5
2010_004995 0.013 15.9 85.4 57.6 141.2
2010_004995 0.011 232.7 27.2 462.2 224.6
2010_004995 0.010 50.1 103.0 70.2 144.9
2010_004995 0.010 145.6 114.9 216.3 217.0
2010_005022 0.015 164.0 57.1 499.0 166.8
2010_005062 0.010 270.4 186.6 330.9 238.3
2010_005094 0.041 61.9 153.2 265.5 308.3
2010_005110 0.013 258.9 167.0 290.3 207.6
2010_005149 0.114 210.8 309.5 255.0 416.6
2010_005149 0.023 192.4 345.6 242.7 435.1
2010_005170 0.013 268.8 154.3 343.0 217.2
2010_005202 0.046 40.9 13.9 493.2 327.8
2010_005202 0.010 32.4 238.7 97.2 305.6
2010_005213 0.010 50.8 21.9 285.9 478.1
2010_005258 0.115 102.6 67.0 359.0 311.0
2010_005258 0.015 105.6 72.9 161.8 95.3
2010_005306 0.010 229.7 80.5 312.4 132.9
2010_005308 0.019 58.9 28.0 494.6 331.2
2010_005320 0.014 1.5 199.9 61.6 269.9
2010_005429 0.018 60.2 127.9 466.6 288.3
2010_005434 0.013 -7.0 66.8 332.3 507.2
2010_005457 0.022 96.8 172.0 160.6 207.3
2010_005468 0.036 176.6 197.1 409.5 443.7
2010_005500 0.071 80.3 84.9 259.1 214.2
2010_005540 0.620 161.5 74.7 320.3 403.4
2010_005540 0.015 149.4 245.2 315.3 410.2
2010_005540 0.013 170.8 266.2 213.2 358.9
2010_005601 0.015 353.7 272.6 378.5 328.7
2010_005603 0.017 196.2 138.8 258.2 230.7
2010_005604 0.024 275.0 177.1 314.2 214.8
2010_005604 0.015 271.5 175.0 310.2 195.6
2010_005604 0.013 255.7 172.3 327.2 218.6
2010_005614 0.276 22.3 -0.8 414.6 378.0
2010_005672 0.016 97.1 96.8 147.3 236.2
2010_005672 0.011 351.5 271.3 417.8 330.0
2010_005683 0.013 18.0 -3.3 498.5 358.4
2010_005696 0.017 276.1 221.7 350.8 269.7
2010_005715 0.109 62.2 42.1 452.6 260.8
2010_005716 0.021 379.3 262.3 451.1 327.2
2010_005721 0.012 347.2 10.1 406.3 69.5
2010_005734 0.014 293.7 8.4 343.9 71.6
2010_005736 0.025 292.9 249.1 338.4 314.4
2010_005736 0.013 156.2 324.7 227.6 380.2
2010_005736 0.010 259.8 332.3 344.0 376.4
2010_005753 0.147 -2.2 14.9 499.9 258.5
2010_005800 0.048 119.9 406.8 175.0 497.8
2010_005800 0.011 322.2 414.0 374.2 500.9
2010_005810 0.016 331.2 239.5 408.9 300.0
2010_005810 0.010 392.7 228.4 474.1 287.6
2010_005835 0.030 205.7 155.6 283.3 219.4
2010_005835 0.016 236.1 162.9 297.1 229.2
2010_005855 0.326 101.8 64.8 444.0 343.7
2010_005875 0.753 368.5 204.3 424.2 286.6
2010_005875 0.752 301.6 188.8 356.5 277.1
2010_005875 0.614 251.3 190.1 302.4 280.8
2010_005875 0.474 105.1 181.4 180.4 291.9
2010_005875 0.424 174.1 188.5 227.8 277.3
2010_005875 0.415 139.7 182.3 200.2 277.9
2010_005875 0.231 295.8 201.5 330.1 269.9
2010_005875 0.067 321.5 211.5 360.2 279.5
2010_005875 0.066 324.6 193.4 385.8 278.8
2010_005875 0.024 274.6 191.5 333.5 257.1
2010_005875 0.022 81.3 185.2 203.1 240.6
2010_005875 0.019 291.9 214.6 316.2 267.3
2010_005875 0.017 289.2 205.9 342.1 245.6
2010_005906 0.442 37.8 10.7 331.1 468.7
2010_005909 0.042 197.4 103.5 313.9 344.6
2010_005928 0.019 82.3 130.8 145.7 208.8
2010_005928 0.012 260.4 59.5 293.5 113.7
2010_005932 0.026 97.1 169.3 157.5 235.4
2010_005932 0.017 84.5 178.2 105.9 226.2
2010_005932 0.012 422.8 157.4 499.5 205.3
2010_005942 0.089 40.5 181.9 61.9 225.7
2010_005942 0.029 20.8 177.0 42.2 226.2
2010_005942 0.016 10.5 176.9 62.4 230.0
2010_005954 0.026 381.8 7.9 449.4 77.9
2010_005954 0.016 241.4 51.6 294.3 117.9
2010_005954 0.010 249.1 57.5 270.3 99.4
2010_005967 0.038 119.1 123.2 478.9 347.4
2010_005968 0.011 124.8 186.1 187.7 245.1
2010_005968 0.010 401.0 188.0 468.5 239.7
2010_005972 0.051 214.7 77.3 259.4 119.0
2010_005972 0.048 205.4 72.8 235.4 113.8
2010_005972 0.015 374.8 112.4 414.9 180.8
2010_006012 0.015 365.3 98.9 437.3 163.1
2010_006079 0.042 320.3 128.2 477.7 364.9
2011_000017 0.015 411.9 318.2 490.4 377.6
2011_000052 0.061 85.9 208.7 116.3 224.2
2011_000052 0.021 105.7 202.1 124.0 220.0
2011_000052 0.020 91.2 204.9 135.0 225.7
2011_000052 0.015 126.6 203.2 164.9 233.6
2011_000052 0.012 121.7 202.8 138.4 222.7
2011_000052 0.011 76.6 199.0 150.4 232.6
2011_000058 0.029 345.5 217.6 410.0 282.6
2011_000058 0.011 363.9 225.6 440.3 301.4
2011_000069 0.100 141.8 92.5 402.1 346.7
2011_000069 0.052 250.3 70.7 398.1 188.5
2011_000069 0.017 366.5 171.5 414.4 233.2
2011_000149 0.017 62.2 228.7 138.8 287.8
2011_000152 0.015 429.5 170.4 459.7 260.1
2011_000176 0.049 34.2 1.3 444.1 465.8
2011_000220 0.019 322.0 56.7 390.2 137.8
2011_000220 0.012 321.6 145.0 392.6 195.7
2011_000267 0.027 180.1 102.0 443.8 194.0
2011_000290 0.010 219.8 169.9 279.0 218.5
2011_000293 0.046 226.8 198.1 283.9 293.3
2011_000329 0.017 178.9 19.7 370.2 312.7
2011_000342 0.041 355.4 270.0 417.0 327.1
2011_000375 0.451 218.4 212.3 270.0 262.5
2011_000376 0.014 2.0 7.8 24.8 57.1
2011_000385 0.040 -0.1 132.7 99.3 350.9
2011_000385 0.025 111.1 100.4 488.1 362.3
2011_000430 0.059 58.1 193.0 89.6 240.1
2011_000430 0.023 48.8 179.4 102.7 241.5
2011_000450 0.021 106.7 70.4 396.2 374.3
2011_000472 0.086 64.6 197.5 138.4 269.7
2011_000472 0.045 334.3 203.4 454.2 295.9
2011_000472 0.039 226.6 213.1 334.9 290.5
2011_000472 0.018 86.5 216.6 149.4 279.1
2011_000491 0.058 129.9 124.4 478.0 259.8
2011_000509 0.290 282.2 121.1 350.3 220.6
2011_000513 0.011 157.6 36.9 220.4 106.6
2011_000520 0.023 106.2 118.4 121.8 153.9
2011_000538 0.289 35.3 15.3 328.4 486.9
2011_000542 0.014 6.0 -3.3 367.3 282.1
2011_000551 0.028 354.0 324.1 431.7 379.0
2011_000637 0.029 5.9 14.7 495.5 372.9
2011_000655 0.012 227.4 2.8 266.2 35.8
2011_000673 0.015 112.8 162.5 141.8 204.0
2011_000684 0.935 248.5 169.8 421.0 274.2
2011_000684 0.678 297.9 142.9 451.9 251.3
2011_000689 0.041 -2.1 248.5 30.8 337.0
2011_000689 0.014 73.0 254.9 116.5 316.9
2011_000703 0.206 29.0 58.4 463.1 310.6
2011_000703 0.021 373.3 81.3 445.4 170.0
2011_000703 0.012 340.7 76.8 461.3 330.1
2011_000711 0.021 428.1 202.0 494.2 283.5
2011_000711 0.012 461.2 204.9 495.4 269.5
2011_000757 0.962 145.6 164.8 275.3 273.1
2011_000757 0.207 143.7 189.4 224.1 267.5
2011_000757 0.052 120.1 195.5 196.2 257.1
2011_000757 0.027 215.9 150.2 286.4 257.3
2011_000757 0.015 113.3 185.3 207.4 232.2
2011_000757 0.014 253.6 143.2 317.0 242.1
2011_000757 0.014 164.5 160.1 279.2 224.9
2011_000757 0.013 313.8 215.0 344.6 235.4
2011_000759 0.019 245.0 222.3 304.0 301.3
2011_000759 0.011 179.4 186.6 218.0 227.8
2011_000793 0.072 455.9 226.9 495.6 276.6
2011_000828 0.024 241.5 162.9 320.2 221.8
2011_000831 0.043 432.9 191.1 497.3 265.0
2011_000831 0.017 262.5 208.9 336.1 281.1
2011_000831 0.014 318.9 202.5 388.5 280.9
2011_000831 0.014 323.0 214.5 357.8 278.7
2011_000840 0.013 -0.7 7.9 375.9 508.6
2011_000858 0.025 152.5 95.0 181.6 140.6
2011_000858 0.023 377.1 183.2 448.6 237.2
2011_000920 0.313 224.8 217.1 303.3 310.4
2011_000920 0.024 83.2 238.2 133.7 301.5
2011_000922 0.015 265.1 228.1 316.7 261.2
2011_000922 0.011 162.1 203.0 204.0 240.5
2011_000944 0.013 3.5 1.8 65.7 81.0
2011_000979 0.075 192.2 161.0 286.8 205.2
2011_001011 0.012 4.2 268.1 47.2 309.5
2011_001023 0.030 217.5 116.3 289.5 151.9
2011_001027 0.012 365.5 89.9 423.7 167.5
2011_001028 0.033 16.4 47.0 80.8 106.6
2011_001028 0.012 411.9 23.7 483.8 75.1
2011_001028 0.011 348.3 99.5 413.3 192.6
2011_001055 0.091 114.7 66.7 395.4 202.4
2011_001055 0.017 374.8 36.6 438.5 93.7
2011_001062 0.067 6.1 16.4 73.5 62.6
2011_001062 0.035 -1.8 29.1 87.2 81.0
2011_001062 0.030 27.3 20.2 65.0 55.7
2011_001062 0.022 10.0 12.0 29.9 62.5
2011_001062 0.017 17.2 31.1 56.0 63.4
2011_001062 0.016 179.4 128.2 250.3 182.4
2011_001062 0.012 6.6 40.1 45.2 70.2
2011_001066 0.011 3.8 56.4 65.0 127.5
2011_001079 0.020 102.5 82.9 368.3 360.6
2011_001097 0.028 11.1 103.7 482.2 237.0
2011_001117 0.054 4.2 59.8 40.9 91.2
2011_001117 0.021 393.4 65.6 447.2 118.5
2011_001117 0.018 321.1 64.7 377.7 125.2
2011_001117 0.018 340.2 69.2 368.3 117.5
2011_001117 0.016 418.0 62.8 471.2 120.0
2011_001117 0.015 13.1 49.6 67.7 97.5
2011_001117 0.013 355.3 70.4 375.6 112.9
2011_001117 0.011 367.2 70.1 387.3 108.8
2011_001117 0.010 24.2 61.6 53.6 84.1
2011_001134 0.956 166.7 121.2 299.4 233.3
2011_001134 0.023 194.7 91.0 258.7 214.5
2011_001134 0.020 197.3 133.2 311.2 199.8
2011_001134 0.015 173.2 117.3 306.7 176.6
2011_001134 0.014 214.8 103.7 285.1 220.1
2011_001134 0.013 238.2 125.0 302.8 227.3
2011_001134 0.012 166.4 120.7 245.1 195.3
2011_001208 0.017 406.3 105.8 454.4 154.8
2011_001208 0.014 449.7 100.3 469.2 146.5
2011_001208 0.013 422.4 102.5 477.6 152.7
2011_001211 0.015 57.0 51.3 267.4 477.7
2011_001277 0.024 79.6 154.1 305.3 479.1
2011_001369 0.118 11.6 145.1 44.2 191.7
2011_001381 0.102 234.3 233.1 283.9 292.8
2011_001381 0.022 167.5 245.7 219.3 299.7
2011_001381 0.018 257.3 234.3 317.5 291.3
2011_001381 0.016 260.3 238.0 280.1 288.0
2011_001381 0.011 248.2 239.8 273.4 289.3
2011_001414 0.011 69.4 146.3 128.5 214.5
2011_001422 0.965 92.5 3.8 503.1 337.7
2011_001432 0.065 432.7 54.4 504.3 117.6
2011_001432 0.050 456.1 66.0 492.9 123.1
2011_001432 0.030 389.3 27.2 475.7 97.6
2011_001432 0.011 433.2 68.5 472.8 105.8
2011_001466 0.012 1.4 193.9 50.9 257.8
2011_001475 0.015 325.9 90.2 394.9 152.9
2011_001475 0.013 411.2 27.8 435.7 69.0
2011_001498 0.011 142.0 68.3 218.2 142.8
2011_001505 0.016 168.4 245.1 195.1 298.0
2011_001505 0.014 155.6 243.9 182.8 303.1
2011_001514 0.038 155.7 349.5 192.9 382.9
2011_001514 0.026 159.5 363.1 185.3 386.9
2011_001514 0.026 256.4 344.9 300.7 406.0
2011_001514 0.025 152.5 364.4 174.6 385.9
2011_001514 0.021 133.4 338.2 183.3 386.5
2011_001514 0.012 11.8 352.5 27.0 376.4
2011_001514 0.012 -1.8 346.2 46.3 400.6
2011_001514 0.011 18.4 351.8 34.2 374.2
2011_001514 0.011 288.1 190.4 329.0 271.8
2011_001514 0.011 139.3 350.2 173.1 381.2
2011_001514 0.011 18.0 348.1 28.5 367.9
2011_001514 0.010 6.5 352.5 16.2 372.5
2011_001526 0.019 357.9 164.2 418.8 235.3
2011_001526 0.012 442.2 198.5 481.8 235.9
2011_001526 0.011 431.6 188.1 495.1 242.0
2011_001538 0.015 333.9 136.0 409.5 217.6
2011_001632 0.013 427.8 102.7 468.7 158.3
2011_001653 0.046 72.5 193.8 460.1 451.0
2011_001694 0.016 414.4 233.1 431.2 287.5
2011_001694 0.014 400.6 225.3 463.8 293.4
2011_001694 0.014 439.0 217.7 504.7 283.2
2011_001710 0.031 44.2 41.6 446.5 280.8
2011_001715 0.597 183.2 140.6 238.6 212.7
2011_001715 0.012 202.7 161.0 236.2 213.9
2011_001716 0.129 379.9 202.2 460.8 256.6
2011_001796 0.017 394.1 9.0 476.6 73.5
2011_001799 0.055 302.8 57.4 341.9 115.0
2011_001799 0.010 309.5 91.4 348.6 141.5
2011_001871 0.098 189.2 212.5 208.4 259.9
2011_001871 0.030 224.7 214.7 237.9 236.9
2011_001871 0.029 196.3 217.8 209.1 249.9
2011_001871 0.021 175.7 220.4 228.2 267.8
2011_001871 0.020 216.4 216.8 228.5 239.5
2011_001871 0.016 218.6 210.9 243.4 239.0
2011_001871 0.013 191.8 212.7 252.9 256.9
2011_001871 0.012 208.4 220.1 236.6 244.5
2011_001871 0.011 196.8 227.5 212.3 243.3
2011_001871 0.010 213.6 224.3 228.0 246.0
2011_001891 0.018 375.1 142.8 435.0 236.5
2011_001891 0.016 438.6 166.6 502.5 240.1
2011_001893 0.011 5.9 188.7 72.1 252.2
2011_001906 0.018 163.6 63.4 194.7 91.7
2011_001920 0.016 203.1 291.8 219.3 334.4
2011_001928 0.041 166.5 265.1 225.4 316.1
2011_001937 0.067 51.0 99.2 135.4 155.0
2011_001937 0.015 447.3 215.2 498.0 251.6
2011_001950 0.012 325.9 127.7 357.4 175.7
2011_001950 0.010 312.1 125.0 372.7 192.3
2011_001972 0.023 229.2 211.8 276.2 266.3
2011_001972 0.014 210.6 182.2 253.0 218.2
2011_001987 0.017 141.3 91.0 172.3 139.4
2011_001987 0.017 110.4 68.1 169.8 141.0
2011_002006 0.995 13.8 50.0 430.3 355.7
2011_002046 0.023 214.6 23.0 279.4 70.5
2011_002050 0.039 335.0 171.1 374.8 194.3
2011_002096 0.014 306.1 131.3 343.0 160.5
2011_002096 0.011 334.5 178.7 396.3 235.2
2011_002119 0.035 113.2 4.5 427.4 339.1
2011_002148 0.041 273.3 200.3 354.4 248.8
2011_002177 0.479 78.2 206.7 250.1 411.8
2011_002222 0.016 5.3 19.5 274.5 212.9
2011_002245 0.011 381.4 165.3 437.7 239.1
2011_002253 0.017 86.5 167.3 134.8 199.3
2011_002265 0.020 52.2 203.6 120.9 275.6
2011_002278 0.028 186.0 73.6 207.6 131.9
2011_002278 0.016 187.8 80.9 225.1 122.9
2011_002300 0.061 6.3 115.9 37.3 163.9
2011_002300 0.022 202.6 83.3 260.5 180.2
2011_002300 0.017 229.1 72.3 300.6 183.7
2011_002335 0.021 347.7 257.8 391.1 291.3
2011_002346 0.170 85.4 168.5 419.1 446.1
2011_002389 0.014 19.9 15.1 49.3 69.4
2011_002394 0.027 37.7 107.8 493.9 318.2
2011_002397 0.011 252.2 212.6 297.3 249.8
2011_002397 0.011 221.4 215.0 271.7 248.6
2011_002398 0.017 199.7 73.9 247.9 119.7
2011_002419 0.017 112.9 126.1 175.3 301.9
2011_002420 0.014 426.4 302.3 495.3 369.2
2011_002420 0.013 342.3 279.1 377.2 315.4
2011_002443 0.012 105.0 211.8 164.8 261.4
2011_002462 0.016 184.4 313.7 234.2 418.4
2011_002464 0.016 420.2 146.8 473.3 200.2
2011_002488 0.066 202.9 244.0 254.3 355.1
2011_002488 0.014 183.7 237.8 236.3 340.0
2011_002514 0.011 214.6 100.9 315.6 340.1
2011_002526 0.707 3.6 155.7 175.8 285.9
2011_002526 0.059 91.9 159.3 209.2 269.4
2011_002526 0.043 2.1 163.4 86.5 265.0
2011_002526 0.033 135.2 153.3 222.4 231.7
2011_002526 0.026 128.2 168.1 183.5 282.8
2011_002526 0.017 272.5 170.3 337.4 300.2
2011_002526 0.016 71.3 172.9 189.6 238.1
2011_002526 0.014 419.0 39.0 443.8 96.4
2011_002526 0.014 213.4 163.2 263.2 230.5
2011_002526 0.012 342.8 178.8 406.2 267.2
2011_002526 0.011 -15.2 158.8 55.6 234.5
2011_002526 0.011 -3.3 164.0 126.2 221.3
2011_002555 0.018 11.5 56.4 62.0 102.2
2011_002559 0.022 3.0 22.7 443.6 374.1
2011_002560 0.013 3.4 295.5 32.5 365.9
2011_002561 0.822 263.1 125.4 475.9 334.3
2011_002561 0.166 178.6 97.8 286.6 306.6
2011_002561 0.024 223.7 61.5 335.3 296.9
2011_002561 0.020 262.8 269.1 345.5 322.2
2011_002568 0.023 106.7 213.9 166.4 275.2
2011_002571 0.022 358.6 186.0 436.4 255.2
2011_002594 0.045 292.4 16.5 342.3 80.6
2011_002606 0.074 59.4 421.2 109.9 501.1
2011_002650 0.029 138.6 107.0 347.4 241.3
2011_002657 0.011 61.0 192.1 98.2 239.3
2011_002664 0.032 13.9 106.6 323.2 362.3
2011_002724 0.012 310.0 167.3 335.3 225.0
2011_002752 0.014 0.3 13.9 60.7 126.6
2011_002776 0.014 9.2 174.2 72.5 246.8
2011_002795 0.033 15.1 63.0 304.3 290.6
2011_002814 0.029 92.8 241.9 139.5 295.9
2011_002814 0.022 59.0 230.4 142.4 300.1
2011_002920 0.015 124.8 179.3 502.3 299.5
2011_002932 0.020 402.7 14.8 466.7 88.3
2011_002953 0.018 5.5 212.9 49.4 278.9
2011_002965 0.018 209.5 185.5 276.1 255.2
2011_002965 0.012 62.0 1.4 143.9 54.5
2011_002979 0.014 0.1 250.9 35.7 316.6
2011_003002 0.013 223.0 132.3 266.1 186.9
2011_003010 0.014 280.9 131.5 337.1 196.5
2011_003010 0.013 217.3 160.8 294.3 223.4
2011_003020 0.015 451.6 140.4 498.8 195.8
2011_003020 0.012 433.3 141.5 482.6 191.6
2011_003025 0.995 325.6 24.5 462.0 255.6
2011_003025 0.962 240.0 18.5 344.2 257.2
2011_003025 0.830 155.3 23.7 256.5 253.1
2011_003025 0.788 22.3 18.6 126.3 278.5
2011_003025 0.033 341.5 159.7 416.6 241.4
2011_003025 0.029 301.0 164.1 357.9 233.8
2011_003025 0.029 380.9 28.6 458.9 111.4
2011_003025 0.028 159.4 11.6 236.0 161.1
2011_003025 0.020 269.6 13.5 341.9 166.5
2011_003025 0.015 238.5 147.7 306.3 223.7
2011_003025 0.014 65.2 19.4 181.8 263.7
2011_003025 0.013 409.9 57.6 468.4 232.4
2011_003025 0.011 294.4 37.9 366.4 239.3
2011_003025 0.010 146.6 37.9 218.8 208.2
2011_003044 0.045 140.9 227.5 170.5 295.6
2011_003044 0.028 60.9 183.5 120.7 260.6
2011_003044 0.018 109.4 243.1 170.4 300.3
2011_003049 0.016 50.5 314.9 96.7 372.5
2011_003073 0.075 0.4 146.9 361.1 352.3
2011_003074 0.622 125.6 104.4 319.8 319.5
2011_003074 0.079 276.2 114.5 307.1 182.6
2011_003074 0.062 238.6 114.4 308.0 188.3
2011_003074 0.023 259.7 126.7 295.5 191.0
2011_003074 0.014 226.8 134.2 299.3 212.0
2011_003078 0.014 348.3 199.4 391.0 238.8
2011_003124 0.035 117.1 206.2 256.7 347.7
2011_003132 0.015 92.4 63.2 487.0 306.4
2011_003171 0.060 291.1 173.0 314.4 215.8
2011_003171 0.017 276.3 173.0 309.4 211.6
2011_003177 0.012 246.8 148.8 272.9 195.9
2011_003177 0.011 234.4 146.8 289.8 201.2
2011_003187 0.954 62.9 136.8 314.6 279.1
2011_003187 0.018 198.9 154.1 327.3 263.1
2011_003187 0.015 62.5 161.4 196.3 292.6
2011_003187 0.013 60.1 131.8 152.2 209.8
2011_003187 0.012 404.1 104.9 487.3 168.1
2011_003187 0.011 56.7 200.2 172.2 265.0
2011_003187 0.010 246.5 96.8 314.6 167.7
2011_003236 0.010 476.1 249.1 497.4 286.8
2011_003274 0.031 181.3 101.3 336.0 204.4
2011_003274 0.026 -3.8 1.4 382.3 221.9
