2008_000023 0.153 216.7 165.1 294.8 218.1
2008_000023 0.011 465.2 167.1 499.4 218.8
2008_000093 0.042 3.8 64.6 369.0 398.6
2008_000099 0.381 43.1 198.6 278.0 285.2
2008_000105 0.011 76.5 17.9 493.0 311.3
2008_000112 0.045 214.1 70.1 402.1 287.2
2008_000112 0.011 205.7 72.8 293.4 274.3
2008_000176 0.011 128.1 391.7 168.5 413.5
2008_000191 0.031 57.4 37.4 421.8 478.4
2008_000227 0.039 85.0 147.6 241.1 239.6
2008_000259 0.024 6.5 100.4 70.1 153.1
2008_000259 0.011 32.9 101.2 58.9 143.9
2008_000262 0.041 258.5 177.3 318.5 225.0
2008_000262 0.017 270.8 179.0 302.1 218.3
2008_000262 0.015 424.0 217.0 472.6 237.4
2008_000275 0.013 10.3 140.3 331.5 347.4
2008_000275 0.012 -0.3 145.4 277.0 241.0
2008_000283 0.015 276.1 34.0 350.0 85.4
2008_000335 0.426 4.6 231.4 35.3 280.4
2008_000335 0.092 17.8 229.5 43.2 277.1
2008_000335 0.077 5.8 225.6 61.6 288.7
2008_000335 0.016 71.3 222.0 102.5 279.0
2008_000335 0.016 15.1 253.7 39.5 279.0
2008_000335 0.014 32.9 226.7 67.4 280.3
2008_000335 0.014 1.8 221.8 43.6 263.5
2008_000335 0.013 2.4 227.9 23.3 267.1
2008_000335 0.010 4.7 71.6 41.6 100.7
2008_000335 0.010 286.6 65.9 319.9 103.5
2008_000338 0.015 204.7 217.8 252.1 252.5
2008_000365 0.034 364.4 160.5 502.3 211.4
2008_000436 0.036 135.3 32.3 150.3 69.7
2008_000436 0.019 121.8 44.8 142.3 73.1
2008_000436 0.015 123.2 31.7 144.9 65.8
2008_000436 0.012 114.5 32.5 130.9 72.6
2008_000436 0.012 94.7 45.3 114.8 71.7
2008_000436 0.011 130.2 46.1 147.4 71.9
2008_000447 0.029 55.4 151.0 136.3 214.2
2008_000447 0.019 223.5 225.1 290.3 251.1
2008_000447 0.015 377.9 218.1 430.8 240.9
2008_000552 0.046 38.0 136.8 79.0 169.0
2008_000595 0.012 183.5 108.1 211.3 130.2
2008_000607 0.020 132.5 16.9 169.8 45.2
2008_000607 0.017 380.5 96.0 406.1 123.8
2008_000607 0.016 142.5 7.6 165.5 31.4
2008_000628 0.010 262.0 277.0 284.0 317.9
2008_000655 0.022 80.6 289.4 115.4 377.8
2008_000669 0.011 6.4 -4.4 311.1 207.2
2008_000676 0.026 283.3 258.9 301.2 277.5
2008_000676 0.025 253.6 265.3 277.5 283.0
2008_000676 0.020 270.3 265.2 287.5 281.4
2008_000676 0.014 257.2 258.0 286.8 279.4
2008_000676 0.011 289.4 263.5 302.7 278.7
2008_000683 0.042 92.2 49.6 457.2 279.7
2008_000719 0.036 20.5 151.5 474.8 263.5
2008_000729 0.013 308.4 238.1 389.7 314.0
2008_000778 0.013 340.7 59.5 365.6 82.9
2008_000824 0.055 57.3 97.5 116.8 129.8
2008_000824 0.011 90.7 101.6 128.3 129.4
2008_000832 0.055 353.2 309.5 383.7 350.1
2008_000832 0.021 345.4 307.8 367.9 342.1
2008_000832 0.014 325.4 306.3 355.9 338.6
2008_000844 0.188 209.9 203.9 274.1 229.4
2008_000844 0.013 246.6 204.8 287.2 226.2
2008_000883 0.098 56.6 30.8 417.3 325.4
2008_000887 0.081 139.7 131.1 315.1 252.7
2008_000887 0.013 200.7 132.2 312.8 193.2
2008_000905 0.047 245.6 281.0 345.7 344.7
2008_000924 0.109 20.4 5.6 256.4 383.7
2008_000928 0.025 58.0 162.7 90.6 190.8
2008_000979 0.038 2.1 161.1 78.9 368.4
2008_000979 0.026 -2.2 242.6 73.9 319.7
2008_000979 0.013 259.9 138.9 363.2 196.0
2008_000985 0.030 198.6 254.1 280.9 291.0
2008_000985 0.021 319.1 257.1 354.9 286.9
2008_000985 0.019 315.1 258.9 343.1 280.1
2008_000985 0.013 326.4 266.3 345.8 284.1
2008_000985 0.011 195.1 256.4 216.2 288.4
2008_001023 0.012 355.4 210.3 374.0 261.3
2008_001048 0.012 229.9 117.9 500.8 341.0
2008_001083 0.534 241.2 91.6 353.0 182.3
2008_001083 0.099 465.1 76.5 501.7 132.9
2008_001083 0.049 126.0 112.7 216.5 189.9
2008_001083 0.023 0.2 103.5 38.8 243.4
2008_001083 0.010 129.2 102.6 265.4 165.3
2008_001203 0.011 450.8 159.4 499.7 199.4
2008_001203 0.011 133.6 255.3 146.1 274.7
2008_001335 0.014 455.0 45.6 467.4 58.9
2008_001335 0.012 434.1 45.9 471.9 64.9
2008_001373 0.015 93.4 80.2 122.6 146.1
2008_001464 0.014 113.9 183.9 177.2 241.6
2008_001523 0.025 211.2 129.7 305.1 201.9
2008_001525 0.486 14.1 -5.9 485.5 316.8
2008_001641 0.014 30.2 125.5 61.0 153.9
2008_001694 0.113 34.0 42.3 462.8 378.5
2008_001694 0.015 19.4 53.3 139.6 125.6
2008_001704 0.058 216.1 64.6 513.8 360.2
2008_001716 0.017 115.2 271.6 146.4 329.3
2008_001783 0.012 176.4 191.8 209.9 220.5
2008_001829 0.011 27.5 197.3 81.0 276.6
2008_001837 0.068 398.5 101.6 434.1 133.7
2008_001837 0.020 383.7 94.9 443.6 141.5
2008_001837 0.011 364.6 109.4 392.0 135.0
2008_001860 0.070 151.5 172.3 320.8 291.0
2008_001866 0.010 132.9 127.6 205.1 174.8
2008_001894 0.066 279.5 3.8 314.8 42.3
2008_001894 0.058 291.3 3.2 344.7 50.3
2008_001911 0.027 45.4 243.9 63.2 261.3
2008_001911 0.026 55.2 236.7 75.3 255.7
2008_001911 0.025 37.7 245.2 53.3 262.6
2008_001911 0.023 7.4 242.8 35.0 272.0
2008_001911 0.018 19.7 243.1 48.1 269.5
2008_001911 0.014 22.2 245.9 37.0 264.7
2008_001911 0.012 35.4 242.3 62.7 267.5
2008_001911 0.010 14.1 245.2 30.4 266.2
2008_001929 0.087 161.9 50.7 234.4 118.9
2008_002064 0.025 306.8 149.6 324.9 171.8
2008_002064 0.021 270.3 143.3 297.6 182.3
2008_002064 0.012 288.6 149.1 309.6 179.4
2008_002066 0.016 73.5 172.1 118.4 196.3
2008_002112 0.011 395.4 203.0 490.6 270.6
2008_002123 0.018 92.4 62.0 274.0 271.2
2008_002145 0.030 349.9 291.4 470.2 371.1
2008_002145 0.016 194.3 325.9 230.6 337.9
2008_002145 0.012 213.4 327.3 241.8 337.9
2008_002145 0.011 195.4 322.4 218.8 333.2
2008_002175 0.037 374.8 258.4 443.5 327.4
2008_002182 0.020 0.7 4.1 177.6 235.5
2008_002208 0.012 48.8 181.6 226.4 318.2
2008_002218 0.040 180.1 191.4 362.8 318.9
2008_002299 0.010 244.8 50.6 282.0 108.3
2008_002340 0.012 230.6 218.0 363.0 313.4
2008_002357 0.012 399.9 156.9 432.0 183.2
2008_002362 0.014 195.1 288.3 240.1 312.5
2008_002448 0.016 2.5 62.5 35.9 133.8
2008_002457 0.023 119.4 140.1 172.5 171.3
2008_002457 0.011 381.5 299.7 403.2 312.8
2008_002458 0.013 180.9 64.8 227.3 86.8
2008_002458 0.012 121.8 62.2 184.4 89.3
2008_002466 0.082 244.1 171.5 308.1 219.0
2008_002514 0.045 175.0 333.4 200.4 367.4
2008_002514 0.017 86.9 160.9 129.5 198.8
2008_002514 0.012 179.8 340.3 193.0 362.3
2008_002515 0.025 184.8 181.9 224.3 212.2
2008_002515 0.012 297.4 182.2 339.3 206.2
2008_002533 0.014 1.1 173.4 476.8 374.9
2008_002547 0.011 288.8 49.8 390.4 106.0
2008_002547 0.011 173.0 54.5 254.0 131.3
2008_002568 0.019 458.5 52.4 490.5 91.0
2008_002568 0.016 63.0 23.4 196.1 253.0
2008_002578 0.038 443.8 157.1 485.7 207.8
2008_002621 0.024 354.8 147.1 407.0 223.4
2008_002621 0.011 168.2 113.5 196.7 144.7
2008_002647 0.023 107.6 339.0 151.3 374.6
2008_002666 0.025 347.8 69.9 444.3 127.7
2008_002672 0.011 100.3 109.0 305.9 257.5
2008_002679 0.018 133.4 113.1 155.4 143.6
2008_002686 0.011 56.1 39.9 113.8 70.2
2008_002698 0.011 374.2 437.4 443.1 479.8
2008_002704 0.159 420.8 59.0 467.0 93.4
2008_002704 0.041 56.0 139.5 91.2 195.2
2008_002704 0.020 297.5 67.6 360.6 121.0
2008_002704 0.018 31.6 125.1 90.3 189.5
2008_002733 0.015 55.4 175.2 100.7 199.8
2008_002736 0.015 30.3 61.9 75.1 111.9
2008_002736 0.013 68.5 53.4 103.9 84.7
2008_002750 0.011 255.2 125.2 292.3 150.6
2008_002750 0.010 280.4 131.4 294.5 148.6
2008_002776 0.017 7.5 5.1 416.0 303.3
2008_002856 0.015 41.1 143.8 223.6 223.8
2008_002880 0.024 211.0 191.1 257.9 252.3
2008_002890 0.018 192.4 210.6 229.4 263.0
2008_002891 0.060 422.7 165.6 442.5 206.4
2008_002891 0.059 439.2 164.6 457.4 205.7
2008_002917 0.161 301.6 210.5 379.1 266.6
2008_002917 0.015 31.7 162.1 299.7 251.1
2008_002917 0.014 104.9 216.7 160.4 235.2
2008_002951 0.011 321.5 360.0 362.2 379.4
2008_002983 0.010 124.7 178.2 164.3 207.4
2008_002993 0.012 104.5 58.2 141.8 88.8
2008_003017 0.903 215.7 143.3 279.9 191.3
2008_003017 0.205 261.4 149.0 288.5 192.9
2008_003017 0.091 219.5 143.7 250.6 182.0
2008_003017 0.053 230.5 152.8 266.7 191.9
2008_003017 0.050 169.0 142.9 267.5 194.9
2008_003017 0.045 232.8 144.6 269.2 173.0
2008_003017 0.031 236.4 132.4 302.8 198.5
2008_003017 0.024 212.4 148.6 238.5 191.2
2008_003017 0.017 249.2 151.7 280.2 177.1
2008_003017 0.013 266.8 129.9 325.3 201.4
2008_003017 0.011 234.1 165.4 287.0 193.9
2008_003037 0.995 41.4 97.8 149.4 161.0
2008_003037 0.469 307.0 97.2 344.7 130.3
2008_003037 0.099 180.0 101.2 208.1 122.5
2008_003037 0.099 237.0 99.1 296.2 131.8
2008_003037 0.084 151.8 101.9 181.9 125.5
2008_003037 0.029 163.6 101.0 200.3 124.1
2008_003043 0.022 79.9 135.7 271.3 304.1
2008_003043 0.021 217.4 150.2 270.3 178.8
2008_003043 0.010 205.0 141.7 289.9 181.4
2008_003068 0.036 118.8 123.0 413.7 317.8
2008_003068 0.011 142.7 129.5 222.4 198.1
2008_003093 0.040 236.1 83.8 277.5 109.8
2008_003101 0.010 276.3 228.0 314.8 285.6
2008_003128 0.030 302.7 79.9 345.4 105.0
2008_003128 0.012 278.2 36.0 315.6 61.8
2008_003157 0.086 180.8 28.8 247.3 47.8
2008_003157 0.054 209.2 117.5 312.9 211.9
2008_003157 0.053 28.4 131.9 171.8 313.0
2008_003208 0.018 299.7 50.3 355.9 75.5
2008_003231 0.021 383.7 203.0 420.1 241.7
2008_003264 0.011 374.4 96.4 423.2 142.2
2008_003313 0.027 180.3 187.6 328.3 370.0
2008_003323 0.019 121.7 245.2 136.2 263.7
2008_003323 0.018 129.7 244.1 142.6 264.2
2008_003323 0.012 157.8 263.6 204.8 293.3
2008_003329 0.015 353.5 132.2 383.2 175.1
2008_003329 0.012 317.2 125.1 379.1 178.8
2008_003347 0.077 135.1 231.0 298.5 313.4
2008_003347 0.017 239.8 329.5 282.5 374.4
2008_003347 0.016 9.4 87.5 307.6 305.5
2008_003347 0.012 427.6 345.6 468.2 374.4
2008_003360 0.015 73.7 74.0 292.9 346.0
2008_003393 0.034 308.6 241.7 346.4 272.1
2008_003393 0.034 295.3 238.9 328.6 272.0
2008_003447 0.011 147.5 258.6 200.7 287.8
2008_003452 0.011 471.0 210.5 498.7 249.0
2008_003469 0.017 51.9 5.5 479.0 336.8
2008_003489 0.055 239.0 237.2 293.8 283.4
2008_003496 0.012 77.1 195.0 94.4 209.9
2008_003544 0.043 41.9 132.6 79.3 162.0
2008_003544 0.041 27.4 133.2 58.8 152.5
2008_003544 0.021 14.2 134.3 47.6 152.6
2008_003544 0.018 8.0 135.2 32.1 155.9
2008_003544 0.015 194.3 92.5 223.4 135.9
2008_003559 0.010 0.2 167.8 35.1 195.3
2008_003560 0.911 232.0 95.6 478.6 373.3
2008_003560 0.848 124.0 75.2 391.6 370.1
2008_003560 0.081 78.5 55.7 314.9 295.7
2008_003617 0.021 9.7 -6.5 370.2 487.3
2008_003652 0.022 251.2 144.0 421.9 351.6
2008_003653 0.100 299.3 410.1 333.9 462.8
2008_003653 0.051 289.5 407.3 319.6 454.1
2008_003653 0.013 282.5 409.0 313.1 435.5
2008_003655 0.014 61.5 143.3 89.8 155.5
2008_003655 0.012 112.7 137.7 125.9 148.5
2008_003655 0.011 98.2 139.1 113.6 150.4
2008_003655 0.011 81.4 140.1 102.7 152.6
2008_003655 0.010 222.9 140.6 248.4 173.0
2008_003688 0.013 190.4 299.0 242.0 397.2
2008_003689 0.036 129.5 163.6 172.5 192.9
2008_003689 0.014 90.7 160.5 180.9 203.5
2008_003697 0.041 433.3 167.9 470.0 202.5
2008_003697 0.011 3.0 44.4 33.0 90.8
2008_003706 0.047 174.7 36.8 272.9 111.4
2008_003706 0.019 428.9 -0.6 502.3 106.5
2008_003706 0.014 221.7 280.3 310.8 336.0
2008_003706 0.013 312.4 279.3 341.0 332.1
2008_003732 0.012 132.4 126.9 214.3 171.8
2008_003732 0.012 142.7 136.8 194.0 168.4
2008_003776 0.235 235.3 137.3 265.0 172.9
2008_003776 0.020 296.9 140.1 330.7 178.2
2008_003796 0.015 406.4 9.3 474.4 60.4
2008_003819 0.021 205.2 137.2 284.8 357.4
2008_003842 0.012 438.8 138.3 474.3 178.3
2008_003882 0.026 163.1 95.2 294.6 210.0
2008_003882 0.014 6.0 -11.4 309.1 203.2
2008_003883 0.026 196.5 61.7 388.5 288.6
2008_003947 0.012 309.2 107.1 365.7 160.3
2008_003998 0.064 83.9 146.9 130.8 190.0
2008_004008 0.023 342.3 181.5 418.2 252.3
2008_004008 0.017 445.2 179.7 501.9 239.3
2008_004024 0.025 281.5 318.2 321.4 376.5
2008_004024 0.016 149.7 1.4 334.0 380.1
2008_004044 0.011 72.7 235.0 136.1 302.9
2008_004084 0.011 236.0 77.3 363.9 358.8
2008_004106 0.194 -5.6 7.7 490.1 371.3
2008_004120 0.137 78.4 129.8 388.1 344.5
2008_004120 0.020 440.6 203.4 453.4 223.0
2008_004120 0.013 450.7 203.6 464.4 223.5
2008_004120 0.011 428.7 205.5 440.0 222.4
2008_004134 0.014 30.9 198.9 63.0 208.5
2008_004138 0.014 155.2 110.7 480.2 338.0
2008_004145 0.062 66.3 130.5 238.7 301.9
2008_004176 0.049 86.7 361.1 145.1 418.0
2008_004176 0.013 349.2 28.9 412.3 95.9
2008_004201 0.016 64.1 154.1 120.0 179.2
2008_004269 0.011 278.2 287.3 308.1 315.2
2008_004328 0.018 333.6 0.5 377.0 12.9
2008_004365 0.012 346.5 140.9 414.8 186.7
2008_004376 0.036 411.1 238.6 486.3 260.9
2008_004380 0.010 130.9 194.5 196.0 218.7
2008_004387 0.012 281.4 138.5 295.9 152.2
2008_004398 0.018 147.4 114.2 189.9 134.9
2008_004398 0.013 81.0 207.7 153.9 262.3
2008_004410 0.018 7.9 22.5 290.3 232.1
2008_004436 0.036 256.3 193.0 310.3 215.4
2008_004443 0.015 439.4 136.0 498.1 164.9
2008_004458 0.085 413.0 194.3 504.5 259.2
2008_004462 0.060 181.9 122.3 281.9 302.9
2008_004462 0.020 181.1 124.1 230.7 183.6
2008_004515 0.011 445.3 60.2 473.7 90.3
2008_004515 0.010 451.2 62.8 465.5 87.8
2008_004547 0.014 192.8 192.7 289.5 295.4
2008_004568 0.015 28.6 64.0 127.6 126.4
2008_004568 0.012 188.0 270.3 225.3 307.3
2008_004593 0.026 96.8 195.1 197.1 287.9
2008_004616 0.028 230.4 84.0 272.4 142.4
2008_004617 0.138 65.7 247.2 111.0 283.1
2008_004617 0.035 8.8 248.1 77.1 303.0
2008_004617 0.027 55.2 255.2 92.3 290.2
2008_004617 0.026 50.7 254.1 75.3 300.2
2008_004617 0.018 91.6 250.8 125.2 275.8
2008_004617 0.014 304.2 154.2 376.4 198.4
2008_004617 0.014 341.3 153.1 410.6 199.9
2008_004617 0.011 320.4 161.1 358.6 193.5
2008_004635 0.029 278.4 55.7 347.9 120.1
2008_004635 0.013 11.4 96.2 27.3 111.7
2008_004663 0.014 248.3 264.5 268.2 278.4
2008_004690 0.061 181.2 26.9 214.3 61.0
2008_004697 0.027 -0.9 104.4 468.1 288.9
2008_004703 0.017 363.0 62.9 416.7 121.5
2008_004703 0.012 300.5 91.0 324.0 128.0
2008_004719 0.011 419.6 221.7 444.0 267.3
2008_004764 0.044 13.6 220.7 84.6 246.9
2008_004777 0.019 13.6 70.5 490.4 219.1
2008_004783 0.014 101.6 138.3 231.6 212.5
2008_004808 0.011 61.6 61.3 311.7 217.4
2008_004834 0.969 39.5 3.6 444.9 366.4
2008_004845 0.025 254.6 123.7 290.9 154.7
2008_004847 0.016 320.6 296.2 387.8 357.7
2008_004847 0.013 160.6 301.6 198.0 352.8
2008_004856 0.016 95.5 0.7 126.2 22.1
2008_004973 0.012 325.4 259.4 368.2 293.0
2008_005071 0.015 107.7 87.3 170.2 167.5
2008_005080 0.033 240.8 229.0 260.7 263.0
2008_005101 0.031 163.2 107.9 414.8 261.1
2008_005108 0.067 94.3 220.6 164.6 258.2
2008_005134 0.011 7.8 225.1 122.7 412.4
2008_005136 0.016 15.8 45.0 488.5 305.6
2008_005136 0.012 198.2 10.9 258.9 56.1
2008_005136 0.011 206.7 18.4 238.3 54.4
2008_005136 0.010 198.8 27.5 231.1 47.2
2008_005159 0.013 278.6 296.6 343.0 328.3
2008_005168 0.023 129.8 29.4 187.9 111.4
2008_005168 0.010 281.8 127.5 318.7 180.7
2008_005218 0.034 354.0 211.1 394.7 241.8
2008_005218 0.018 144.3 142.9 185.4 157.9
2008_005266 0.012 1.6 210.9 45.6 260.9
2008_005271 0.019 56.3 141.8 101.1 183.3
2008_005281 0.012 68.4 48.6 474.1 376.4
2008_005329 0.078 158.5 229.0 235.9 273.1
2008_005329 0.035 171.9 232.4 211.6 257.3
2008_005329 0.014 84.0 229.1 215.2 274.9
2008_005345 0.026 52.0 188.0 134.1 245.2
2008_005345 0.010 13.2 122.7 165.6 297.0
2008_005349 0.012 372.6 189.3 434.9 218.2
2008_005357 0.011 254.0 176.9 318.9 328.7
2008_005367 0.013 302.0 167.5 361.1 197.2
2008_005382 0.033 374.0 130.1 424.2 161.2
2008_005382 0.011 453.6 105.2 489.2 149.6
2008_005405 0.015 6.5 97.5 49.9 119.0
2008_005443 0.013 138.3 292.4 171.4 328.9
2008_005496 0.058 169.7 230.5 238.8 262.5
2008_005505 0.930 24.4 60.1 338.5 358.4
2008_005505 0.487 356.4 73.8 496.4 193.3
2008_005505 0.064 120.8 187.0 336.0 373.7
2008_005505 0.028 430.1 154.8 469.3 191.7
2008_005505 0.025 419.7 142.8 445.7 190.9
2008_005505 0.023 3.3 123.7 42.0 227.2
2008_005505 0.022 433.1 67.3 499.1 186.6
2008_005505 0.021 49.0 50.9 414.6 212.3
2008_005505 0.017 419.8 129.1 480.8 193.1
2008_005505 0.016 359.6 85.5 427.1 195.8
2008_005505 0.013 443.5 140.6 473.9 189.6
2008_005505 0.012 392.6 126.8 449.7 194.9
2008_005505 0.012 52.1 46.1 197.1 345.9
2008_005505 0.012 410.3 140.4 435.5 191.1
2008_005505 0.011 355.1 69.6 502.8 121.2
2008_005526 0.032 73.3 142.7 148.7 210.1
2008_005527 0.011 131.7 117.7 210.8 195.5
2008_005531 0.024 83.0 140.7 409.3 193.4
2008_005549 0.027 65.8 110.0 101.4 146.0
2008_005584 0.603 0.4 78.5 334.5 345.3
2008_005584 0.026 45.7 12.1 311.3 85.1
2008_005584 0.012 255.0 20.3 329.2 71.4
2008_005591 0.971 56.2 77.6 357.4 388.4
2008_005591 0.020 273.4 54.6 394.0 302.1
2008_005609 0.013 284.4 381.0 331.2 425.4
2008_005618 0.481 57.9 53.4 503.1 375.1
2008_005623 0.037 179.1 139.4 210.9 188.9
2008_005623 0.017 212.1 132.1 229.4 162.7
2008_005623 0.014 196.5 125.4 219.1 179.3
2008_005623 0.011 169.9 145.4 196.4 194.2
2008_005623 0.010 154.4 148.4 182.0 191.9
2008_005650 0.027 390.0 42.1 497.6 268.3
2008_005673 0.051 368.2 179.0 467.6 253.1
2008_005673 0.017 388.8 194.1 489.9 270.9
2008_005673 0.011 375.1 195.6 498.2 365.5
2008_005673 0.011 362.4 253.9 407.2 372.5
2008_005707 0.012 2.0 218.1 38.2 266.3
2008_005714 0.014 186.5 123.6 218.8 137.8
2008_005714 0.013 196.0 117.9 284.7 166.2
2008_005770 0.012 161.1 369.0 205.7 441.2
2008_005817 0.034 65.0 19.1 199.8 126.2
2008_005818 0.059 59.7 225.5 87.6 262.3
2008_005822 0.074 142.6 180.2 189.2 211.2
2008_005834 0.028 -0.0 -0.4 504.3 321.7
2008_005871 0.011 129.4 94.0 326.9 260.0
2008_005923 0.022 103.1 245.1 133.8 294.5
2008_005929 0.033 142.8 88.6 231.2 272.7
2008_005956 0.048 393.8 232.7 462.3 275.3
2008_005956 0.031 440.1 163.3 484.8 184.0
2008_005972 0.014 137.1 159.2 170.8 233.6
2008_005972 0.011 197.4 152.6 224.5 189.7
2008_005991 0.049 41.2 142.8 301.0 371.0
2008_006049 0.011 164.4 54.8 389.4 249.5
2008_006062 0.011 0.7 45.1 95.9 92.6
2008_006096 0.014 252.0 123.6 268.8 156.2
2008_006119 0.067 165.1 267.8 202.1 334.5
2008_006133 0.014 137.6 77.9 493.4 271.4
2008_006135 0.046 238.0 138.4 265.9 188.3
2008_006145 0.036 289.3 66.0 453.6 355.6
2008_006145 0.014 193.8 262.0 234.5 288.0
2008_006152 0.025 39.0 106.8 386.6 380.7
2008_006195 0.020 220.4 8.9 251.4 48.2
2008_006210 0.864 302.3 252.9 362.8 296.6
2008_006211 0.060 -3.5 218.6 130.8 330.8
2008_006211 0.024 115.1 299.8 237.1 331.8
2008_006211 0.019 9.6 289.8 121.0 335.1
2008_006211 0.019 -1.8 176.4 401.9 335.8
2008_006211 0.018 71.1 303.0 127.0 332.2
2008_006211 0.018 2.4 242.2 73.1 333.7
2008_006211 0.013 165.0 293.3 269.9 333.2
2008_006211 0.012 220.8 269.5 301.7 334.0
2008_006211 0.012 66.7 297.3 193.2 333.8
2008_006211 0.011 31.8 240.2 98.4 337.1
2008_006232 0.067 308.8 97.0 411.3 268.7
2008_006232 0.035 340.9 112.3 418.1 221.3
2008_006232 0.024 225.7 131.1 288.4 208.1
2008_006232 0.017 304.2 120.2 386.0 217.2
2008_006295 0.069 101.5 103.8 431.8 283.7
2008_006300 0.025 6.6 133.6 39.4 162.0
2008_006317 0.012 0.2 135.3 75.7 201.9
2008_006329 0.012 166.1 219.2 196.5 264.6
2008_006404 0.010 64.3 55.9 105.7 93.8
2008_006481 0.012 306.3 113.1 341.5 161.2
2008_006482 0.153 298.1 86.1 443.7 262.7
2008_006482 0.021 313.0 115.8 407.5 236.2
2008_006482 0.014 311.1 88.9 429.4 168.3
2008_006511 0.041 257.1 26.9 517.4 345.9
2008_006511 0.018 248.9 285.6 273.6 342.6
2008_006546 0.178 27.6 207.2 60.4 245.3
2008_006546 0.012 162.3 286.1 206.8 331.7
2008_006570 0.043 149.0 320.3 198.2 378.4
2008_006578 0.923 37.5 32.5 379.4 501.0
2008_006578 0.079 28.3 40.5 203.2 479.9
2008_006578 0.042 267.8 252.1 360.8 315.9
2008_006578 0.021 200.7 194.3 378.1 469.5
2008_006578 0.011 287.8 221.4 369.7 304.9
2008_006579 0.011 12.4 173.2 483.1 361.6
2008_006598 0.027 455.5 303.6 483.7 326.2
2008_006598 0.017 469.1 303.0 494.8 325.2
2008_006598 0.011 464.8 305.5 480.6 322.3
2008_006610 0.028 40.1 213.1 206.8 434.2
2008_006610 0.027 152.4 226.4 302.3 442.6
2008_006624 0.025 448.9 158.8 470.2 192.5
2008_006634 0.128 82.6 44.8 486.9 288.5
2008_006634 0.012 87.2 203.8 141.9 254.5
2008_006657 0.013 63.7 83.6 332.0 269.8
2008_006692 0.015 -3.3 118.3 458.2 250.4
2008_006715 0.075 332.2 173.0 371.9 202.6
2008_006715 0.027 332.9 179.0 350.7 207.5
2008_006715 0.015 313.1 175.5 332.7 198.0
2008_006715 0.015 241.9 158.3 302.4 197.1
2008_006715 0.012 310.4 170.2 344.1 204.2
2008_006720 0.024 206.0 92.4 255.6 149.5
2008_006720 0.012 262.0 82.3 297.5 127.1
2008_006737 0.065 70.0 69.3 128.4 161.9
2008_006753 0.012 413.1 145.3 448.5 182.4
2008_006753 0.010 409.7 137.9 476.1 190.0
2008_006767 0.158 200.7 170.0 324.0 260.6
2008_006767 0.095 199.9 174.0 258.5 261.7
2008_006767 0.031 212.8 214.1 250.0 265.2
2008_006778 0.037 218.4 152.9 255.6 188.2
2008_006778 0.016 422.5 163.4 459.6 186.0
2008_006807 0.011 271.5 151.6 296.3 178.0
2008_006864 0.045 131.7 13.4 487.4 376.7
2008_006881 0.022 148.7 46.5 193.3 74.5
2008_006903 0.017 7.8 299.4 47.0 333.5
2008_006909 0.267 3.3 208.8 77.8 248.1
2008_006910 0.014 56.1 102.7 221.8 344.0
2008_006933 0.013 166.8 79.7 517.3 284.8
2008_006946 0.277 -0.3 102.8 325.7 409.3
2008_006946 0.030 157.5 102.3 278.4 235.3
2008_007004 0.808 104.8 71.8 330.9 340.3
2008_007012 0.890 79.8 177.2 128.6 211.9
2008_007012 0.754 147.2 218.5 284.5 323.9
2008_007012 0.421 319.1 184.1 355.1 216.7
2008_007045 0.053 180.1 146.1 214.2 183.7
2008_007061 0.011 139.9 133.1 205.4 156.4
2008_007098 0.014 400.7 143.5 440.2 175.2
2008_007106 0.010 19.8 194.2 63.4 221.5
2008_007146 0.054 189.0 57.2 227.8 95.7
2008_007218 0.014 119.6 61.8 364.2 337.4
2008_007239 0.101 122.6 127.4 362.0 277.1
2008_007239 0.017 313.1 123.7 366.5 140.0
2008_007242 0.020 293.9 203.2 331.9 240.3
2008_007245 0.049 342.9 78.3 378.1 101.4
2008_007246 0.014 15.2 36.8 440.4 439.0
2008_007261 0.027 143.4 107.2 340.9 227.8
2008_007274 0.011 249.8 128.3 302.5 143.8
2008_007289 0.011 106.9 170.0 334.0 352.4
2008_007320 0.011 125.5 188.9 137.4 217.2
2008_007343 0.017 57.1 68.1 468.6 355.1
2008_007346 0.011 274.1 69.6 306.4 83.7
2008_007364 0.866 334.3 103.9 495.5 158.5
2008_007364 0.373 56.2 154.7 219.3 257.0
2008_007364 0.274 74.2 140.7 466.2 293.3
2008_007364 0.120 317.8 114.9 498.7 253.7
2008_007364 0.019 47.8 154.8 149.7 234.3
2008_007364 0.016 340.9 132.6 500.2 187.5
2008_007364 0.014 131.9 146.6 214.2 244.9
2008_007364 0.014 154.5 109.4 302.4 155.7
2008_007364 0.012 86.2 146.2 196.3 216.6
2008_007397 0.011 167.8 193.6 247.3 250.0
2008_007428 0.028 72.1 68.6 442.2 291.6
2008_007442 0.022 272.5 34.5 302.1 89.0
2008_007444 0.013 111.3 52.8 252.2 223.1
2008_007465 0.014 347.0 94.9 437.0 146.6
2008_007465 0.012 364.8 95.0 417.1 118.3
2008_007486 0.017 303.2 38.6 355.6 75.4
2008_007491 0.607 219.9 125.2 468.4 299.1
2008_007491 0.318 119.7 121.9 367.3 288.4
2008_007496 0.779 128.4 119.0 376.8 284.4
2008_007496 0.022 335.0 101.9 351.9 120.5
2008_007496 0.016 320.0 100.8 344.7 118.6
2008_007496 0.015 299.8 149.2 373.1 278.5
2008_007496 0.011 146.3 315.8 172.9 335.3
2008_007496 0.010 353.0 101.8 368.7 114.7
2008_007496 0.010 306.2 99.5 338.4 119.2
2008_007537 0.063 375.7 104.5 429.8 149.7
2008_007537 0.029 443.3 4.9 477.0 49.1
2008_007537 0.013 208.6 159.7 248.4 203.7
2008_007537 0.010 213.8 147.7 270.0 203.2
2008_007556 0.017 68.4 151.8 140.2 177.6
2008_007573 0.010 396.9 97.3 418.8 147.7
2008_007593 0.027 118.7 144.3 358.8 282.8
2008_007625 0.014 316.4 133.1 388.8 164.6
2008_007630 0.018 70.3 91.0 98.7 123.1
2008_007648 0.023 171.1 106.4 193.0 128.4
2008_007664 0.013 326.8 143.9 363.6 185.5
2008_007675 0.014 444.1 178.6 498.4 246.2
2008_007709 0.012 268.6 221.0 300.1 243.2
2008_007750 0.116 15.5 115.7 314.4 298.0
2008_007750 0.036 295.7 210.1 377.6 247.1
2008_007750 0.026 240.1 117.9 316.3 180.6
2008_007750 0.021 339.6 210.0 379.7 243.2
2008_007758 0.011 18.4 246.5 66.1 301.3
2008_007759 0.014 436.0 308.1 457.4 333.5
2008_007777 0.018 211.3 161.5 258.9 230.3
2008_007837 0.023 209.7 206.7 252.5 237.3
2008_007837 0.014 175.2 199.6 244.5 241.1
2008_007840 0.011 14.7 145.1 510.0 265.5
2008_007864 0.026 228.9 220.1 269.1 251.7
2008_007869 0.088 164.8 157.1 388.4 357.4
2008_007869 0.064 159.5 174.0 222.8 345.7
2008_007869 0.013 224.6 178.1 281.5 351.1
2008_007869 0.011 189.2 131.3 294.0 349.1
2008_007873 0.242 90.6 178.6 162.5 339.5
2008_007873 0.029 40.0 179.7 94.7 309.5
2008_007873 0.026 16.4 180.7 63.5 305.6
2008_007873 0.016 69.5 161.2 142.2 312.9
2008_007873 0.016 17.2 232.7 86.8 303.6
2008_007873 0.012 0.9 182.0 40.4 307.4
2008_007895 0.011 1.2 149.8 63.3 280.2
2008_007897 0.013 -5.6 31.3 503.7 450.8
2008_007940 0.011 308.9 218.7 413.9 272.2
2008_007987 0.010 69.3 167.5 148.6 382.2
2008_007990 0.055 299.9 183.2 331.7 233.7
2008_007990 0.012 210.2 208.2 256.5 246.3
2008_007999 0.048 72.7 250.6 127.0 279.7
2008_007999 0.021 233.8 251.1 290.2 284.6
2008_007999 0.015 5.8 250.0 52.3 292.5
2008_007999 0.014 324.5 182.0 363.5 210.9
2008_007999 0.012 259.1 250.4 300.5 283.0
2008_007999 0.012 113.1 263.2 166.8 284.1
2008_008043 0.756 81.0 103.2 275.6 274.9
2008_008070 0.013 90.2 339.4 142.9 367.1
2008_008072 0.213 165.1 134.7 303.0 209.4
2008_008072 0.028 172.6 172.1 220.9 205.5
2008_008072 0.021 165.6 167.7 199.1 206.2
2008_008072 0.014 187.2 177.9 245.8 210.6
2008_008074 0.067 334.1 160.7 397.4 202.6
2008_008080 0.267 143.8 201.4 327.9 409.7
2008_008098 0.015 143.7 51.7 196.5 79.1
2008_008150 0.541 78.8 76.1 418.7 318.5
2008_008150 0.154 246.8 177.3 429.4 323.4
2008_008150 0.024 54.1 82.9 210.5 314.2
2008_008166 0.308 78.0 194.7 269.9 307.5
2008_008166 0.023 263.6 246.3 327.8 297.5
2008_008166 0.016 285.7 181.1 411.4 281.0
2008_008166 0.016 204.8 218.7 322.4 290.7
2008_008166 0.013 354.7 189.9 417.6 281.5
2008_008166 0.011 383.3 185.0 438.2 279.9
2008_008166 0.011 374.7 250.4 417.9 287.3
2008_008169 0.035 200.4 79.7 305.8 129.5
2008_008169 0.014 339.6 181.5 395.1 249.0
2008_008169 0.012 88.6 77.4 413.1 304.9
2008_008197 0.122 181.7 149.3 364.1 291.6
2008_008212 0.014 39.3 85.1 57.3 94.2
2008_008212 0.010 52.5 85.8 66.8 93.9
2008_008220 0.024 137.7 240.2 195.5 281.1
2008_008220 0.020 283.0 189.9 378.3 252.8
2008_008220 0.012 456.3 198.0 490.1 260.6
2008_008229 0.015 478.9 245.8 501.6 297.3
2008_008229 0.011 460.4 245.9 494.5 284.7
2008_008262 0.014 59.9 37.2 93.1 60.8
2008_008263 0.034 119.6 230.4 191.1 270.5
2008_008263 0.017 7.0 203.3 31.7 227.2
2008_008263 0.012 113.3 223.5 250.1 268.5
2008_008287 0.823 17.7 50.7 135.3 261.3
2008_008287 0.046 102.7 56.1 234.5 272.0
2008_008319 0.034 411.8 118.9 440.3 171.0
2008_008338 0.230 233.8 144.1 301.7 201.1
2008_008338 0.179 62.4 153.3 99.6 182.9
2008_008338 0.038 32.3 153.1 57.0 184.6
2008_008338 0.032 24.6 145.1 68.2 185.5
2008_008338 0.024 40.0 156.4 78.7 183.6
2008_008338 0.019 34.9 162.6 51.8 183.1
2008_008338 0.018 42.3 162.3 65.5 182.2
2008_008338 0.017 59.3 160.5 84.6 182.1
2008_008338 0.012 38.7 144.6 101.4 184.4
2008_008345 0.031 396.0 195.1 444.6 275.0
2008_008368 0.272 89.3 139.4 120.7 207.3
2008_008368 0.163 52.7 152.0 93.9 201.7
2008_008368 0.041 404.6 143.7 437.6 213.3
2008_008368 0.030 108.3 145.7 140.6 205.6
2008_008368 0.017 75.1 170.5 98.4 204.9
2008_008368 0.012 120.3 186.9 133.3 202.6
2008_008368 0.011 94.3 168.1 113.3 204.5
2008_008382 0.017 433.1 100.4 497.0 126.6
2008_008382 0.010 115.6 114.6 332.5 304.0
2008_008411 0.755 78.0 94.4 452.0 326.8
2008_008411 0.091 18.4 293.8 44.6 335.0
2008_008428 0.038 61.7 54.8 380.6 277.7
2008_008432 0.018 29.5 50.3 454.0 323.3
2008_008471 0.010 262.5 133.8 282.5 158.4
2008_008476 0.077 207.5 196.9 247.4 231.9
2008_008476 0.016 159.1 150.3 339.8 255.0
2008_008487 0.014 451.8 92.7 483.5 111.0
2008_008487 0.014 350.8 90.2 405.3 120.1
2008_008487 0.010 465.5 90.3 492.1 110.9
2008_008496 0.021 279.5 139.1 319.8 171.1
2008_008522 0.012 155.5 217.2 180.7 248.6
2008_008528 0.011 424.4 187.4 449.1 217.8
2008_008544 0.043 6.1 147.3 302.6 506.7
2008_008544 0.031 173.8 161.9 333.1 496.5
2008_008546 0.015 234.6 298.4 287.7 326.8
2008_008550 0.012 84.6 40.2 123.0 71.4
2008_008550 0.010 329.8 238.9 400.0 289.3
2008_008560 0.011 116.7 239.9 160.1 282.7
2008_008572 0.022 108.7 231.9 206.3 314.0
2008_008579 0.935 158.4 56.6 383.0 323.3
2008_008579 0.764 221.2 6.9 483.7 307.8
2008_008579 0.299 6.3 93.9 144.1 295.3
2008_008579 0.120 144.2 105.2 268.2 327.9
2008_008579 0.093 35.7 120.7 224.4 306.9
2008_008579 0.025 448.8 133.5 498.1 282.5
2008_008579 0.016 437.5 65.7 496.7 201.4
2008_008579 0.015 454.1 91.6 495.2 128.7
2008_008579 0.011 170.3 197.2 412.5 324.5
2008_008579 0.011 211.1 130.5 353.1 331.1
2008_008601 0.026 206.8 281.9 298.4 331.0
2008_008623 0.186 291.2 151.8 419.5 279.8
2008_008623 0.019 334.2 154.5 424.0 231.9
2008_008623 0.014 113.8 155.4 219.3 248.0
2008_008641 0.029 207.4 103.9 257.8 124.1
2008_008641 0.021 202.7 106.1 238.0 127.6
2008_008641 0.015 45.5 109.1 99.5 130.3
2008_008641 0.014 93.6 107.1 107.6 124.9
2008_008641 0.012 196.0 103.2 216.3 129.2
2008_008642 0.133 277.5 39.3 319.2 78.1
2008_008671 0.013 5.6 101.6 33.9 130.1
2008_008674 0.011 46.4 199.2 78.6 228.5
2008_008691 0.288 30.5 30.7 444.3 277.0
2008_008691 0.064 9.2 10.0 234.1 152.8
2008_008691 0.056 200.6 94.9 426.1 265.3
2008_008745 0.011 327.6 184.2 388.0 273.3
2009_000029 0.032 184.4 140.8 235.2 173.0
2009_000100 0.039 305.9 254.4 335.7 294.5
2009_000103 0.046 122.7 77.5 357.6 259.0
2009_000104 0.010 58.8 -3.4 472.5 372.5
2009_000128 0.017 156.7 176.5 240.7 233.0
2009_000132 0.310 47.0 34.0 428.7 337.5
2009_000132 0.013 5.2 158.2 31.9 180.2
2009_000135 0.012 64.7 14.8 113.0 54.9
2009_000141 0.011 5.1 146.1 36.8 209.0
2009_000145 0.315 304.4 207.1 366.2 239.0
2009_000145 0.266 177.6 207.4 233.6 246.5
2009_000145 0.018 230.0 206.1 280.1 243.1
2009_000145 0.010 308.5 212.3 346.9 234.1
2009_000159 0.140 61.8 68.5 167.9 103.3
2009_000159 0.066 200.4 146.9 305.1 179.5
2009_000159 0.028 130.3 105.1 234.5 139.6
2009_000159 0.019 318.7 228.5 417.8 260.9
2009_000159 0.010 214.8 158.3 274.0 179.6
2009_000161 0.015 174.2 144.7 188.6 168.2
2009_000164 0.011 53.2 198.2 134.8 249.3
2009_000177 0.010 315.3 124.5 357.7 144.4
2009_000253 0.015 270.3 177.7 339.3 263.2
2009_000280 0.020 132.0 186.4 192.5 264.1
2009_000281 0.129 17.5 238.6 67.7 270.2
2009_000281 0.091 86.1 233.8 135.6 257.9
2009_000281 0.023 61.0 237.2 117.1 262.9
2009_000281 0.016 42.2 236.9 95.1 263.6
2009_000281 0.015 333.4 278.2 362.9 316.9
2009_000285 0.926 50.3 80.7 442.7 349.2
2009_000287 0.012 421.1 220.0 456.1 251.2
2009_000341 0.032 73.1 96.1 127.4 118.4
2009_000343 0.610 5.0 1.9 492.0 338.4
2009_000390 0.014 206.3 216.9 233.8 255.6
2009_000416 0.016 36.9 310.2 90.2 332.5
2009_000419 0.011 115.4 96.3 383.4 323.2
2009_000420 0.023 296.5 243.9 341.9 272.4
2009_000439 0.036 212.6 260.8 255.0 291.0
2009_000463 0.024 89.6 124.6 137.9 180.0
2009_000463 0.020 38.7 128.1 145.8 209.0
2009_000476 0.039 82.8 58.5 346.2 209.5
2009_000529 0.960 0.6 157.8 88.9 268.3
2009_000529 0.857 102.5 156.5 197.6 213.5
2009_000529 0.761 283.2 161.2 344.8 221.0
2009_000529 0.042 5.0 160.4 59.5 236.0
2009_000529 0.035 312.8 170.6 349.5 218.9
2009_000529 0.021 22.8 147.9 186.8 243.0
2009_000529 0.016 34.1 133.0 94.5 245.8
2009_000529 0.015 66.5 167.2 224.8 292.7
2009_000529 0.015 102.8 181.5 203.0 242.5
2009_000529 0.015 92.2 151.6 266.9 235.2
2009_000529 0.013 139.8 159.0 218.0 227.4
2009_000529 0.010 164.9 165.5 187.8 209.7
2009_000546 0.010 202.2 117.1 242.8 156.1
2009_000562 0.011 145.9 76.6 182.1 105.9
2009_000595 0.017 167.0 148.5 200.7 181.2
2009_000603 0.016 226.4 54.2 251.3 79.8
2009_000626 0.024 199.8 148.7 244.1 187.8
2009_000626 0.019 204.9 161.6 234.5 186.0
2009_000626 0.013 23.9 94.4 46.5 145.6
2009_000632 0.016 26.1 114.5 60.2 158.0
2009_000635 0.297 -3.8 114.0 297.2 464.6
2009_000642 0.034 268.6 235.8 300.5 284.2
2009_000679 0.044 51.0 105.0 389.6 385.3
2009_000679 0.024 186.7 110.3 352.8 226.7
2009_000684 0.013 4.4 238.8 40.9 270.0
2009_000695 0.123 125.2 182.0 380.8 306.5
2009_000746 0.010 10.1 15.1 410.2 337.1
2009_000759 0.025 334.3 237.8 375.9 262.1
2009_000759 0.017 330.2 233.8 350.3 258.8
2009_000768 0.011 242.2 117.3 315.2 174.4
2009_000801 0.011 307.1 66.1 326.0 97.9
2009_000805 0.031 9.1 -8.1 332.7 349.8
2009_000805 0.017 170.6 1.0 334.8 76.7
2009_000805 0.012 438.7 37.1 506.9 162.2
2009_000834 0.032 133.1 65.0 203.4 94.2
2009_000882 0.011 350.3 196.7 419.1 270.3
2009_000887 0.047 314.6 82.8 346.5 128.1
2009_000887 0.037 326.0 86.5 503.3 305.3
2009_000894 0.023 -0.6 33.7 486.1 195.5
2009_000899 0.036 268.0 159.5 332.0 191.5
2009_000899 0.015 286.5 143.2 361.2 194.9
2009_000899 0.012 296.8 162.4 345.9 195.2
2009_000920 0.010 104.4 324.4 120.3 341.4
2009_000926 0.014 152.3 127.4 182.2 145.3
2009_000930 0.023 408.9 199.3 422.2 223.4
2009_000930 0.015 435.8 205.9 448.3 217.9
2009_000930 0.015 441.7 196.7 452.3 210.2
2009_000930 0.015 449.5 204.0 468.3 218.9
2009_000930 0.014 452.4 198.0 467.0 214.0
2009_000930 0.012 414.9 206.1 425.3 219.8
2009_000930 0.011 444.6 193.2 478.8 218.2
2009_000973 0.015 324.2 248.1 354.2 299.5
2009_001012 0.038 144.3 210.4 220.9 238.4
2009_001012 0.015 437.2 213.7 494.9 237.9
2009_001037 0.849 185.4 129.8 403.7 272.5
2009_001037 0.193 132.5 112.3 262.9 267.7
2009_001037 0.029 199.4 204.3 263.8 267.9
2009_001037 0.015 322.5 160.4 402.6 268.7
2009_001037 0.014 173.9 81.6 305.8 267.7
2009_001037 0.013 179.7 155.4 267.8 270.9
2009_001037 0.012 300.2 215.0 372.4 267.0
2009_001037 0.010 234.5 211.5 263.3 267.8
2009_001059 0.238 -0.1 181.6 84.4 365.6
2009_001059 0.142 292.8 196.9 431.8 255.1
2009_001059 0.083 256.5 212.1 413.7 291.8
2009_001059 0.040 301.4 216.7 471.6 281.0
2009_001070 0.018 54.6 159.2 191.1 272.4
2009_001074 0.012 145.8 195.3 193.5 250.8
2009_001074 0.011 299.5 200.1 367.8 262.9
2009_001104 0.020 2.1 408.6 114.5 498.5
2009_001105 0.830 10.7 173.7 320.9 269.1
2009_001105 0.095 20.2 92.6 391.0 282.3
2009_001105 0.011 -14.5 178.2 168.2 271.2
2009_001117 0.016 20.8 189.7 355.8 374.7
2009_001129 0.016 209.5 330.4 253.5 418.5
2009_001154 0.013 98.6 244.7 182.1 289.5
2009_001172 0.012 333.2 155.0 408.8 209.0
2009_001180 0.019 164.2 160.3 201.0 198.1
2009_001190 0.167 207.9 119.2 394.2 283.6
2009_001197 0.232 11.2 19.9 500.9 333.9
2009_001216 0.023 144.1 243.5 191.1 271.9
2009_001216 0.019 235.1 246.1 308.3 300.2
2009_001216 0.017 108.2 242.7 166.8 268.8
2009_001216 0.013 145.0 241.6 165.3 267.9
2009_001224 0.010 2.5 82.3 308.9 327.7
2009_001238 0.038 410.7 256.4 499.2 277.7
2009_001238 0.011 416.6 264.8 475.1 284.1
2009_001251 0.021 406.2 239.3 445.2 256.8
2009_001253 0.011 225.3 143.6 297.1 211.0
2009_001264 0.057 158.6 179.2 198.8 209.7
2009_001264 0.022 436.7 176.6 494.2 204.4
2009_001264 0.016 428.4 180.9 465.1 213.6
2009_001303 0.014 186.1 211.1 237.0 238.2
2009_001308 0.036 11.6 154.3 99.2 210.7
2009_001308 0.029 226.7 133.5 437.4 285.4
2009_001311 0.074 162.0 171.0 389.0 305.8
2009_001311 0.023 425.1 59.5 448.4 88.0
2009_001339 0.024 -0.2 -5.0 272.1 327.8
2009_001385 0.015 89.4 58.8 314.3 191.9
2009_001388 0.011 349.9 231.4 372.8 248.2
2009_001443 0.115 44.5 171.1 224.1 238.0
2009_001444 0.031 364.1 32.1 404.6 73.4
2009_001448 0.029 173.6 267.1 237.9 323.9
2009_001462 0.097 87.2 41.1 259.6 199.8
2009_001462 0.024 174.4 71.4 258.5 136.4
2009_001462 0.010 341.9 0.1 363.3 14.3
2009_001463 0.200 135.2 221.8 343.8 321.7
2009_001463 0.010 123.3 223.9 224.0 306.1
2009_001475 0.012 336.1 262.4 362.1 279.9
2009_001493 0.015 19.0 164.3 49.2 190.6
2009_001507 0.016 206.2 130.6 440.5 323.7
2009_001537 0.028 41.4 73.4 455.4 352.1
2009_001590 0.973 135.2 199.0 346.2 339.3
2009_001590 0.038 84.4 210.3 151.0 344.8
2009_001590 0.031 69.7 175.8 195.4 341.1
2009_001590 0.020 -2.9 118.6 146.8 201.5
2009_001590 0.016 15.9 131.1 148.7 309.3
2009_001590 0.012 221.4 290.3 255.1 334.9
2009_001595 0.012 94.8 26.9 435.7 367.0
2009_001598 0.010 116.1 173.9 138.1 208.8
2009_001614 0.378 90.4 174.1 183.7 224.0
2009_001614 0.059 35.6 179.3 76.6 213.4
2009_001614 0.042 278.9 165.2 390.5 257.4
2009_001625 0.022 13.6 100.9 465.3 282.5
2009_001670 0.018 341.6 136.9 358.0 156.6
2009_001670 0.017 330.4 135.5 352.3 164.7
2009_001670 0.010 312.9 138.5 339.2 175.9
2009_001689 0.725 276.7 49.4 422.7 334.3
2009_001689 0.219 78.5 40.6 376.3 312.6
2009_001689 0.053 5.5 32.6 343.2 175.7
2009_001689 0.050 297.3 53.4 365.4 184.2
2009_001689 0.027 276.6 38.8 423.6 174.9
2009_001689 0.027 345.4 46.7 443.0 272.7
2009_001689 0.015 357.4 59.0 419.7 182.1
2009_001689 0.014 275.7 47.9 355.5 133.7
2009_001689 0.013 327.9 57.0 392.0 183.5
2009_001689 0.013 406.0 26.3 493.5 254.2
2009_001689 0.011 284.2 70.8 344.9 215.8
2009_001693 0.023 374.2 153.1 400.8 199.6
2009_001720 0.016 191.5 152.0 386.6 272.5
2009_001744 0.011 207.5 259.0 276.9 281.2
2009_001749 0.016 127.5 141.5 209.6 186.1
2009_001770 0.022 67.5 2.3 378.4 503.4
2009_001782 0.022 198.0 290.9 336.5 397.5
2009_001807 0.016 258.7 204.8 285.8 234.3
2009_001826 0.014 18.5 169.1 57.8 207.5
2009_001837 0.230 112.9 157.6 144.4 199.1
2009_001837 0.099 325.1 60.1 499.6 260.8
2009_001867 0.049 123.3 237.1 331.8 368.4
2009_001871 0.055 18.7 96.1 72.5 142.4
2009_001885 0.068 163.9 378.3 216.0 440.0
2009_001902 0.049 5.4 46.8 35.3 108.6
2009_001902 0.027 151.0 175.6 374.4 376.4
2009_001902 0.027 276.8 83.6 468.8 365.8
2009_001904 0.010 1.1 165.2 37.1 215.6
2009_001908 0.959 141.0 52.7 476.2 299.9
2009_001908 0.081 140.8 109.8 210.1 216.8
2009_001908 0.017 131.4 74.4 256.2 232.5
2009_001908 0.014 122.7 140.8 255.4 321.2
2009_001908 0.010 108.2 255.1 274.3 340.9
2009_001927 0.032 51.6 158.0 102.8 190.6
2009_001927 0.022 31.3 159.1 479.4 234.3
2009_001960 0.103 76.0 69.9 452.8 245.1
2009_001962 0.031 287.0 17.6 343.6 54.1
2009_001962 0.011 312.7 35.3 347.9 58.9
2009_001964 0.026 312.9 -2.5 396.1 59.8
2009_001994 0.027 304.7 245.6 343.5 279.2
2009_001997 0.799 213.6 171.9 259.4 209.1
2009_002018 0.243 406.2 103.5 469.4 146.0
2009_002018 0.235 123.3 108.6 181.0 148.6
2009_002018 0.152 95.0 87.1 135.3 127.8
2009_002018 0.015 106.9 99.6 144.7 127.0
2009_002018 0.014 118.9 105.3 144.1 144.5
2009_002077 0.013 7.5 160.8 234.3 497.6
2009_002088 0.988 13.6 78.6 151.9 255.0
2009_002088 0.971 158.0 99.0 315.3 258.5
2009_002088 0.892 325.4 104.9 443.8 235.2
2009_002088 0.414 377.8 113.8 492.7 234.6
2009_002088 0.218 91.0 87.0 266.5 262.8
2009_002088 0.149 244.8 96.3 318.9 218.0
2009_002088 0.147 360.7 92.6 437.7 145.0
2009_002088 0.112 312.1 111.1 379.0 225.0
2009_002088 0.069 143.1 123.7 220.9 250.7
2009_002088 0.047 166.3 95.7 252.4 178.0
2009_002088 0.043 349.5 94.2 423.8 202.0
2009_002099 0.029 52.4 99.2 366.6 469.6
2009_002104 0.072 226.1 136.2 290.5 195.4
2009_002112 0.023 242.1 193.2 275.0 211.8
2009_002112 0.012 220.3 193.9 254.7 213.9
2009_002120 0.117 137.1 0.0 200.8 39.1
2009_002120 0.071 66.2 17.4 428.7 336.6
2009_002146 0.018 105.6 89.9 146.5 139.7
2009_002151 0.029 213.4 32.2 268.3 78.1
2009_002193 0.013 178.9 179.7 205.3 235.8
2009_002214 0.029 370.9 56.5 447.6 103.5
2009_002214 0.022 397.7 62.0 438.4 99.8
2009_002214 0.018 383.7 64.9 407.5 99.9
2009_002214 0.016 372.9 65.5 392.0 96.7
2009_002214 0.014 400.5 69.6 416.9 98.7
2009_002214 0.010 415.2 72.3 431.3 98.0
2009_002225 0.054 24.4 203.6 47.0 232.9
2009_002225 0.022 14.7 199.7 67.2 239.8
2009_002225 0.014 245.4 116.3 300.6 132.6
2009_002281 0.038 154.8 171.2 187.0 210.3
2009_002281 0.018 246.3 186.3 294.5 209.6
2009_002281 0.013 207.1 174.2 287.6 215.4
2009_002281 0.013 182.2 172.2 210.9 210.2
2009_002281 0.012 245.2 181.8 320.7 203.3
2009_002299 0.034 18.5 89.1 138.1 323.1
2009_002299 0.021 71.9 102.1 470.8 320.3
2009_002331 0.011 304.5 59.2 333.5 91.9
2009_002343 0.018 8.5 209.2 28.6 251.5
2009_002348 0.029 270.3 208.2 342.8 253.2
2009_002348 0.015 280.3 221.0 330.0 249.9
2009_002352 0.013 67.1 18.4 149.2 93.8
2009_002358 0.019 391.6 276.4 415.7 317.5
2009_002376 0.030 344.9 27.1 421.7 63.4
2009_002388 0.156 127.1 130.6 389.2 295.8
2009_002388 0.011 166.1 203.2 195.1 253.2
2009_002404 0.046 195.8 127.6 394.6 258.4
2009_002404 0.017 217.7 150.2 284.0 247.8
2009_002404 0.013 417.6 272.3 444.6 298.4
2009_002409 0.010 292.6 -0.3 331.3 15.4
2009_002419 0.651 186.9 102.6 371.3 258.4
2009_002419 0.020 195.5 177.6 375.8 313.4
2009_002424 0.017 27.6 26.2 243.0 483.1
2009_002425 0.013 57.5 157.5 399.8 238.0
2009_002472 0.182 244.7 118.2 487.3 278.7
2009_002506 0.033 195.2 91.2 398.1 217.4
2009_002523 0.040 313.0 156.0 367.9 196.5
2009_002523 0.031 322.5 232.3 460.9 301.7
2009_002536 0.029 71.4 167.4 117.3 197.0
2009_002543 0.014 380.1 230.8 411.6 259.0
2009_002558 0.021 137.1 115.1 357.1 281.6
2009_002561 0.829 113.0 109.1 234.3 299.2
2009_002567 0.015 340.5 96.6 491.2 268.4
2009_002579 0.029 296.0 188.6 330.0 224.4
2009_002579 0.014 310.8 188.6 341.6 224.9
2009_002579 0.010 180.5 208.3 221.6 241.5
2009_002597 0.021 249.9 179.5 272.5 204.4
2009_002605 0.024 120.5 59.0 164.9 93.2
2009_002612 0.036 223.3 258.7 279.4 314.1
2009_002613 0.676 22.8 63.6 491.5 347.4
2009_002613 0.037 270.8 92.7 502.9 321.9
2009_002613 0.012 2.2 37.7 332.6 243.1
2009_002621 0.013 177.5 74.6 287.0 311.5
2009_002624 0.057 111.3 90.7 361.0 475.6
2009_002628 0.105 310.0 376.5 366.5 399.7
2009_002628 0.051 305.2 222.7 338.4 253.1
2009_002676 0.025 66.5 233.9 103.0 275.0
2009_002695 0.033 148.6 151.4 206.2 215.1
2009_002695 0.014 124.4 172.6 153.7 199.7
2009_002695 0.014 426.3 168.5 473.1 197.0
2009_002695 0.013 203.3 149.7 247.9 249.6
2009_002704 0.017 251.6 69.9 319.8 98.6
2009_002715 0.016 -11.5 -15.6 504.2 311.7
2009_002746 0.963 13.1 280.9 105.1 351.1
2009_002746 0.771 180.8 303.5 330.1 436.5
2009_002791 0.076 218.8 112.3 298.4 135.2
2009_002813 0.079 333.3 15.2 419.7 63.7
2009_002824 0.124 142.9 175.8 316.4 273.4
2009_002827 0.014 86.9 137.1 149.8 161.8
2009_002831 0.048 320.5 188.0 336.9 216.2
2009_002831 0.016 296.6 185.2 327.8 218.6
2009_002831 0.011 314.8 183.8 341.0 209.3
2009_002831 0.011 315.6 191.6 329.5 208.9
2009_002872 0.042 79.0 24.5 276.7 451.0
2009_002897 0.820 252.0 100.7 484.3 327.6
2009_002897 0.519 157.4 39.6 220.4 68.9
2009_002897 0.190 78.3 89.3 191.8 302.5
2009_002897 0.177 186.7 112.8 396.4 305.7
2009_002897 0.106 115.6 49.8 152.1 74.8
2009_002897 0.100 13.4 113.1 138.2 293.9
2009_002897 0.066 132.7 44.8 170.4 68.7
2009_002897 0.054 158.5 45.9 179.1 68.0
2009_002897 0.027 4.2 135.0 91.4 271.8
2009_002897 0.023 415.0 158.9 456.0 194.3
2009_002897 0.022 144.6 49.7 162.4 72.1
2009_002897 0.021 435.3 133.3 497.4 318.7
2009_002897 0.018 167.2 42.7 198.1 67.9
2009_002897 0.016 367.8 159.9 497.0 325.6
2009_002897 0.013 472.8 155.2 513.7 319.2
2009_002897 0.011 187.2 42.5 221.7 73.3
2009_002921 0.013 276.7 261.4 301.4 318.7
2009_002933 0.017 207.1 90.2 258.2 119.7
2009_002946 0.035 207.3 231.1 238.7 278.6
2009_002952 0.019 19.4 129.2 325.2 255.1
2009_002955 0.095 43.3 125.8 237.0 262.0
2009_002972 0.011 171.0 133.3 221.0 179.6
2009_002983 0.011 196.5 84.8 267.0 115.3
2009_003032 0.012 408.2 186.0 442.3 200.6
2009_003039 0.998 218.9 223.9 353.0 320.6
2009_003039 0.240 147.8 169.7 221.7 238.3
2009_003039 0.078 1.5 175.7 45.1 286.6
2009_003039 0.016 6.1 238.7 35.6 287.9
2009_003068 0.013 173.6 250.0 224.9 328.6
2009_003075 0.047 140.5 116.8 248.8 268.8
2009_003107 0.201 2.2 39.4 180.8 352.5
2009_003107 0.092 184.0 27.9 411.8 366.0
2009_003109 0.016 14.3 125.3 454.8 298.9
2009_003109 0.015 176.2 171.5 206.3 200.0
2009_003165 0.012 368.7 147.9 406.5 168.7
2009_003173 0.015 15.8 285.5 101.6 338.4
2009_003173 0.014 4.3 298.2 91.9 363.1
2009_003173 0.011 63.9 279.4 148.4 335.4
2009_003173 0.010 -7.7 288.7 44.0 380.7
2009_003173 0.010 -22.1 284.1 89.9 410.2
2009_003200 0.014 413.9 76.4 499.8 125.3
2009_003208 0.034 109.3 303.7 147.2 346.9
2009_003229 0.020 338.1 23.9 426.8 77.9
2009_003265 0.012 8.7 140.0 23.1 170.0
2009_003265 0.011 43.9 148.7 55.2 165.6
2009_003309 0.011 -1.3 -3.0 503.0 380.3
2009_003317 0.014 202.3 42.3 269.9 102.9
2009_003333 0.018 24.3 154.7 63.3 180.1
2009_003352 0.022 9.6 229.1 95.0 293.6
2009_003352 0.014 66.0 244.3 102.7 280.3
2009_003384 0.319 29.7 222.4 114.0 259.1
2009_003384 0.027 194.7 200.7 288.1 263.5
2009_003385 0.024 388.7 190.4 462.1 239.6
2009_003425 0.014 191.9 215.4 247.0 270.8
2009_003425 0.010 229.6 220.7 265.5 253.9
2009_003443 0.014 3.2 15.1 34.4 52.1
2009_003459 0.578 238.4 69.6 503.5 301.9
2009_003459 0.104 58.1 54.4 470.6 328.7
2009_003490 0.069 166.3 67.5 403.6 235.3
2009_003490 0.023 47.5 194.0 137.3 220.5
2009_003490 0.016 386.7 74.3 421.4 115.1
2009_003490 0.015 143.8 55.4 413.2 135.9
2009_003511 0.976 58.9 64.2 439.0 316.0
2009_003511 0.157 334.5 73.9 464.8 256.3
2009_003511 0.056 79.0 139.4 283.7 304.3
2009_003511 0.035 63.2 125.0 123.1 290.6
2009_003511 0.028 363.9 51.1 460.6 113.9
2009_003511 0.020 322.0 43.9 475.0 155.8
2009_003511 0.020 204.7 49.7 459.3 130.7
2009_003511 0.015 328.4 150.2 477.6 298.5
2009_003511 0.014 228.3 53.7 461.3 223.7
2009_003511 0.013 391.6 61.9 475.3 130.2
2009_003511 0.012 326.1 45.2 447.7 92.5
2009_003511 0.012 124.7 184.2 233.7 264.8
2009_003511 0.011 209.9 133.3 352.8 317.9
2009_003545 0.028 -1.7 47.2 479.6 318.4
2009_003562 0.020 355.7 33.6 420.5 68.6
2009_003594 0.010 28.6 241.3 61.0 274.1
2009_003608 0.015 299.7 40.1 334.2 64.7
2009_003609 0.522 57.2 156.4 226.5 405.8
2009_003629 0.015 329.7 200.1 398.5 261.7
2009_003636 0.010 444.3 202.4 481.8 227.9
2009_003695 0.040 103.8 175.7 148.1 225.3
2009_003717 0.015 214.6 135.2 405.6 306.8
2009_003720 0.918 62.6 107.8 327.6 275.0
2009_003722 0.039 258.1 52.7 315.8 108.7
2009_003722 0.011 235.1 57.8 292.2 108.1
2009_003734 0.013 340.3 3.3 396.0 37.8
2009_003734 0.012 123.2 54.3 498.8 273.2
2009_003736 0.023 243.8 136.0 350.5 306.4
2009_003739 0.028 400.3 121.1 497.9 258.1
2009_003753 0.043 207.3 173.8 346.8 454.1
2009_003799 0.015 299.4 166.0 325.3 217.3
2009_003843 0.011 408.9 168.4 501.4 214.0
2009_003843 0.010 441.6 173.4 498.8 204.9
2009_003852 0.014 54.2 175.4 168.1 229.4
2009_003852 0.012 341.4 163.8 414.8 213.0
2009_003852 0.010 126.1 155.0 192.6 182.3
2009_003865 0.108 110.6 213.5 145.7 243.5
2009_003865 0.016 125.3 220.2 156.7 245.0
2009_003865 0.011 107.2 216.0 129.3 245.3
2009_003867 0.020 400.1 227.0 425.8 267.7
2009_003888 0.018 99.8 157.8 119.0 171.8
2009_003888 0.012 87.5 156.7 106.1 173.1
2009_003888 0.011 114.6 157.5 137.5 169.7
2009_003888 0.011 80.6 139.6 118.0 170.1
2009_003888 0.011 102.2 160.1 123.7 181.4
2009_003897 0.018 62.5 24.1 348.1 491.7
2009_003900 0.059 281.1 78.8 357.4 126.0
2009_003913 0.022 85.8 140.6 404.2 313.8
2009_003958 0.024 24.9 174.4 70.0 209.0
2009_003966 0.089 231.9 240.7 278.9 341.6
2009_003966 0.080 275.1 240.2 349.5 306.7
2009_003966 0.060 241.9 239.1 317.1 309.3
2009_003966 0.054 198.8 266.8 253.6 359.5
2009_003966 0.052 215.4 223.1 340.8 320.3
2009_003966 0.052 292.0 258.3 368.2 315.4
2009_003966 0.051 163.6 226.4 296.2 331.1
2009_003966 0.036 226.4 279.8 280.4 367.8
2009_003966 0.034 168.2 257.1 246.8 331.7
2009_003966 0.033 389.7 318.6 431.8 357.6
2009_003966 0.031 196.8 311.9 236.1 361.7
2009_003966 0.030 316.1 240.9 395.2 305.8
2009_003966 0.030 282.6 262.6 333.7 346.1
2009_003966 0.029 199.9 261.8 305.0 318.7
2009_003966 0.027 288.1 223.6 372.7 295.4
2009_003966 0.027 143.4 212.1 350.2 370.9
2009_003966 0.026 202.6 231.8 262.1 328.1
2009_003966 0.026 238.4 274.2 312.5 341.0
2009_003966 0.025 178.1 295.1 243.1 367.1
2009_003966 0.022 211.6 258.4 332.3 352.0
2009_003966 0.021 256.8 283.0 353.8 333.9
2009_003966 0.018 147.0 244.0 268.2 301.0
2009_003966 0.018 178.1 282.6 276.4 341.9
2009_003966 0.018 228.1 211.1 444.8 318.7
2009_003966 0.017 285.8 286.0 333.4 323.7
2009_003966 0.016 196.7 301.0 295.4 358.8
2009_003966 0.014 130.7 145.0 379.3 329.2
2009_003966 0.014 187.0 222.7 274.7 290.8
2009_003966 0.013 143.7 267.8 278.1 315.6
2009_003966 0.012 238.6 159.4 352.8 356.1
2009_003966 0.012 251.8 244.4 291.6 288.8
2009_003974 0.019 274.5 177.4 308.3 211.0
2009_003976 0.191 144.5 37.4 403.4 298.9
2009_004069 0.099 103.6 175.7 224.2 272.4
2009_004091 0.024 144.9 43.5 217.2 105.1
2009_004096 0.077 10.2 12.3 482.9 357.0
2009_004109 0.019 165.6 86.6 224.1 149.6
2009_004117 0.012 94.4 25.8 281.6 362.5
2009_004139 0.014 347.4 237.8 404.9 276.6
2009_004139 0.011 400.0 239.1 421.2 262.8
2009_004139 0.010 56.6 323.8 73.0 358.9
2009_004153 0.012 152.2 83.7 180.2 128.7
2009_004154 0.025 413.8 145.0 482.7 215.7
2009_004154 0.012 4.4 103.7 202.5 280.6
2009_004154 0.010 278.8 44.6 353.9 74.6
2009_004177 0.023 1.2 123.6 69.3 190.4
2009_004177 0.022 124.0 164.9 170.6 181.6
2009_004183 0.028 87.7 249.7 117.4 294.8
2009_004212 0.663 167.2 -8.0 477.8 333.2
2009_004213 0.014 20.2 0.4 73.6 30.0
2009_004227 0.011 112.2 214.1 137.6 233.5
2009_004264 0.013 59.7 192.4 254.8 305.1
2009_004279 0.079 88.1 201.0 121.0 234.8
2009_004279 0.033 101.9 199.4 123.5 227.5
2009_004308 0.058 13.8 141.0 55.0 197.4
2009_004308 0.012 380.6 151.1 459.7 207.9
2009_004327 0.458 -1.4 38.4 311.9 332.4
2009_004327 0.013 -11.4 246.2 311.8 341.3
2009_004327 0.012 0.0 281.4 144.2 336.8
2009_004327 0.010 4.9 67.9 47.5 94.2
2009_004336 0.013 44.4 362.0 82.5 397.1
2009_004340 0.024 164.4 2.7 225.5 67.6
2009_004340 0.016 187.7 0.6 229.5 38.9
2009_004341 0.020 311.2 149.0 375.0 185.1
2009_004341 0.014 72.8 285.9 123.0 316.6
2009_004357 0.011 235.1 325.9 312.0 403.9
2009_004368 0.063 3.8 85.4 71.2 123.4
2009_004371 0.057 187.3 201.8 233.8 226.7
2009_004417 0.019 15.8 1.5 424.6 495.8
2009_004449 0.010 282.7 218.1 312.3 273.7
2009_004501 0.028 260.7 266.9 326.3 311.2
2009_004514 0.015 3.4 409.4 48.6 441.2
2009_004545 0.020 3.9 158.2 37.3 208.7
2009_004571 0.235 363.7 189.0 433.2 244.0
2009_004631 0.012 359.5 56.6 452.7 125.5
2009_004661 0.013 297.4 231.7 362.2 294.5
2009_004674 0.026 12.5 3.4 56.6 47.7
2009_004684 0.019 143.0 38.7 317.3 358.0
2009_004710 0.042 119.4 114.6 182.6 165.8
2009_004745 0.754 234.8 154.3 423.1 251.9
2009_004745 0.689 188.2 161.0 252.6 242.3
2009_004745 0.167 92.2 168.7 195.8 235.8
2009_004745 0.126 263.1 197.6 365.4 257.6
2009_004745 0.045 132.8 160.8 228.3 243.8
2009_004745 0.035 53.7 153.7 89.9 208.4
2009_004745 0.027 203.5 159.9 240.9 216.0
2009_004745 0.020 233.7 171.2 310.9 247.8
2009_004745 0.017 279.6 217.0 397.9 262.7
2009_004745 0.015 210.3 162.1 279.5 247.7
2009_004745 0.014 171.7 143.5 329.6 238.0
2009_004745 0.012 251.1 182.1 398.1 234.0
2009_004745 0.011 54.8 171.6 156.4 235.9
2009_004797 0.017 220.3 260.3 285.4 317.5
2009_004798 0.311 79.5 55.8 428.9 293.3
2009_004815 0.034 229.9 111.5 270.4 161.1
2009_004815 0.027 68.4 145.3 189.7 230.3
2009_004847 0.034 70.9 451.9 101.3 489.9
2009_004847 0.032 152.5 455.6 191.1 486.4
2009_004847 0.022 208.8 447.3 237.7 479.4
2009_004847 0.019 135.6 455.0 176.3 485.9
2009_004898 0.015 393.0 9.6 481.8 42.0
2009_004914 0.016 83.0 30.6 188.6 137.0
2009_004945 0.013 338.0 71.9 375.0 107.1
2009_004945 0.013 199.0 195.6 229.6 220.0
2009_004972 0.046 169.0 67.9 184.4 90.9
2009_004972 0.033 152.9 118.9 273.6 285.2
2009_004972 0.032 34.6 60.0 81.6 87.2
2009_004972 0.024 116.9 71.2 180.9 93.1
2009_004972 0.019 143.4 68.2 177.0 89.5
2009_004972 0.019 162.0 69.4 179.5 86.9
2009_004972 0.013 70.4 75.3 112.8 90.6
2009_004972 0.012 201.5 64.6 218.6 90.4
2009_004972 0.012 192.3 65.8 205.9 85.3
2009_004972 0.011 214.5 63.3 237.4 105.1
2009_004983 0.052 217.5 244.7 278.2 275.4
2009_004986 0.011 161.4 203.0 198.1 256.1
2009_005030 0.046 452.2 11.5 499.2 43.5
2009_005030 0.032 428.3 19.3 466.5 43.9
2009_005030 0.027 424.8 21.1 444.1 43.7
2009_005030 0.011 10.4 1.8 55.3 36.6
2009_005031 0.049 163.2 128.8 216.5 147.7
2009_005056 0.017 41.1 182.6 71.0 198.7
2009_005056 0.014 43.7 185.0 85.4 203.1
2009_005057 0.042 148.3 405.9 181.1 435.1
2009_005057 0.010 322.3 251.7 349.2 295.4
2009_005076 0.021 247.7 29.0 294.9 84.0
2009_005095 0.013 265.8 3.0 499.7 332.6
2009_005102 0.017 382.6 193.4 455.6 238.3
2009_005118 0.015 50.3 87.8 390.9 318.4
2009_005154 0.014 198.0 196.8 240.9 259.2
2009_005155 0.048 223.0 186.0 275.0 257.8
2009_005155 0.013 224.7 162.8 294.9 233.3
2009_005162 0.020 77.8 94.2 477.6 366.1
2009_005168 0.023 12.7 146.7 69.3 177.4
2009_005194 0.016 85.9 157.8 112.6 198.8
2009_005218 0.043 353.7 317.5 430.2 332.1
2009_005218 0.035 261.0 270.3 278.4 296.6
2009_005218 0.031 250.6 268.4 272.3 300.1
2009_005218 0.017 117.1 259.3 136.3 297.0
2009_005218 0.016 265.4 267.1 290.3 290.3
2009_005246 0.013 106.6 43.9 122.8 62.0
2009_005263 0.013 199.0 143.4 257.6 196.5
2009_005263 0.011 177.1 161.2 211.1 201.6
2010_000031 0.011 123.1 112.4 186.7 175.8
2010_000056 0.019 55.3 67.2 131.0 122.8
2010_000073 0.019 393.8 67.9 428.6 100.3
2010_000091 0.015 166.1 60.6 195.4 113.1
2010_000117 0.026 182.5 140.3 250.9 184.5
2010_000117 0.012 334.6 84.3 361.0 121.7
2010_000152 0.883 98.1 116.6 414.6 271.9
2010_000152 0.060 246.4 82.9 320.7 156.4
2010_000183 0.012 210.7 134.9 284.8 188.8
2010_000248 0.033 285.9 89.2 381.7 145.6
2010_000250 0.047 16.7 17.6 426.3 376.3
2010_000303 0.014 195.0 119.5 228.4 162.2
2010_000320 0.032 349.4 200.9 412.8 219.0
2010_000320 0.018 363.4 208.0 418.7 219.9
2010_000329 0.022 170.5 99.2 215.6 127.6
2010_000395 0.884 209.8 187.9 306.6 231.9
2010_000395 0.308 215.0 190.2 266.6 227.2
2010_000395 0.085 208.7 193.2 238.3 229.2
2010_000395 0.023 260.9 191.2 311.8 229.8
2010_000395 0.012 240.1 189.8 278.1 227.6
2010_000465 0.010 364.5 218.6 436.0 234.2
2010_000473 0.014 67.6 52.1 127.3 111.6
2010_000480 0.024 78.4 189.0 131.5 226.2
2010_000480 0.012 40.2 140.8 444.7 382.0
2010_000503 0.011 364.0 158.1 379.2 170.5
2010_000527 0.013 165.5 135.6 271.1 322.4
2010_000564 0.020 189.9 53.6 297.4 286.1
2010_000632 0.028 189.8 123.5 236.5 144.5
2010_000632 0.016 226.3 117.7 262.1 144.6
2010_000667 0.011 379.1 28.3 456.4 79.1
2010_000702 0.071 181.1 104.3 301.8 239.1
2010_000702 0.012 3.4 142.6 42.6 183.2
2010_000710 0.064 64.2 74.3 257.4 318.4
2010_000710 0.016 106.2 65.6 446.9 320.8
2010_000715 0.033 89.1 158.1 141.3 185.8
2010_000723 0.081 93.1 149.6 145.5 183.3
2010_000739 0.017 314.5 105.6 354.1 136.5
2010_000769 0.029 432.7 321.7 493.2 370.7
2010_000770 0.014 181.4 38.4 223.4 104.0
2010_000803 0.046 109.1 97.0 161.4 130.4
2010_000803 0.016 77.9 92.8 161.5 150.0
2010_000810 0.041 148.5 144.9 228.7 183.7
2010_000857 0.032 162.5 159.3 202.2 187.9
2010_000857 0.012 139.5 163.5 191.0 185.3
2010_000872 0.976 43.9 67.4 458.9 333.2
2010_000872 0.018 355.2 144.7 424.0 223.4
2010_000885 0.042 321.4 19.3 383.4 40.1
2010_000885 0.019 310.0 20.3 354.3 40.0
2010_000974 0.014 461.4 110.0 490.8 152.1
2010_000984 0.032 176.6 212.8 196.6 261.7
2010_001013 0.032 33.6 100.6 257.8 367.6
2010_001013 0.015 12.4 122.1 181.8 287.0
2010_001013 0.013 149.1 89.5 342.4 346.9
2010_001039 0.074 107.5 95.1 371.2 446.2
2010_001105 0.012 334.5 356.3 396.9 374.4
2010_001110 0.098 376.2 167.1 406.8 189.8
2010_001110 0.044 390.0 167.3 421.7 187.5
2010_001110 0.010 407.7 166.3 439.9 186.4
2010_001123 0.023 -0.3 119.9 500.1 354.1
2010_001126 0.050 56.9 92.2 378.5 295.2
2010_001139 0.032 50.6 117.4 93.4 139.0
2010_001154 0.010 426.3 154.8 495.8 207.8
2010_001184 0.016 182.2 197.8 283.1 267.1
2010_001184 0.014 34.9 119.4 309.7 261.4
2010_001184 0.010 151.9 148.8 291.9 261.9
2010_001195 0.036 104.1 62.8 395.6 357.5
2010_001237 0.011 191.8 39.9 261.2 96.8
2010_001240 0.011 13.3 20.6 498.2 331.6
2010_001247 0.022 380.7 82.8 480.8 133.1
2010_001247 0.013 359.1 89.9 427.3 144.1
2010_001247 0.012 444.8 91.6 483.0 135.2
2010_001250 0.021 290.5 183.4 355.4 235.6
2010_001253 0.030 272.1 66.8 309.2 99.1
2010_001261 0.010 108.3 201.9 149.3 250.4
2010_001271 0.042 448.6 199.7 496.7 229.6
2010_001271 0.020 478.7 206.0 497.9 231.4
2010_001271 0.019 447.7 206.2 468.8 229.5
2010_001271 0.017 437.4 208.1 481.8 234.1
2010_001271 0.015 463.2 206.3 487.3 230.7
2010_001274 0.045 212.6 49.2 295.8 125.6
2010_001275 0.129 53.1 77.6 335.5 273.8
2010_001275 0.012 253.6 78.6 359.0 130.0
2010_001320 0.012 121.9 23.5 171.5 46.6
2010_001329 0.057 18.8 92.2 309.8 483.6
2010_001338 0.032 401.0 47.5 422.4 88.4
2010_001338 0.025 97.6 36.6 128.9 70.2
2010_001338 0.023 113.8 40.9 145.9 71.1
2010_001338 0.022 355.8 39.9 376.3 86.3
2010_001338 0.016 125.2 42.7 159.6 71.9
2010_001338 0.014 382.2 46.5 402.7 89.3
2010_001338 0.012 303.8 51.1 344.4 104.4
2010_001338 0.010 373.3 44.5 392.5 89.5
2010_001347 0.014 228.5 44.3 265.5 88.7
2010_001366 0.758 208.9 150.4 474.0 346.5
2010_001399 0.016 183.1 89.0 197.3 120.3
2010_001399 0.010 335.2 2.6 369.8 56.9
2010_001418 0.016 135.6 130.1 335.5 331.1
2010_001450 0.928 13.6 11.2 464.8 331.0
2010_001464 0.310 261.0 209.1 328.3 275.7
2010_001464 0.083 67.8 13.1 221.8 318.0
2010_001464 0.016 48.2 42.2 154.9 306.8
2010_001465 0.155 195.1 105.8 241.6 155.0
2010_001465 0.012 34.5 131.4 85.4 158.9
2010_001499 0.010 160.9 179.8 360.3 266.3
2010_001550 0.022 98.8 112.0 346.7 301.6
2010_001583 0.024 393.9 109.9 424.5 145.4
2010_001599 0.012 255.0 266.0 284.8 307.2
2010_001603 0.017 289.4 135.9 321.8 168.6
2010_001647 0.019 130.8 303.5 180.6 356.0
2010_001650 0.011 50.2 143.3 72.0 189.0
2010_001715 0.012 116.7 87.4 140.2 113.6
2010_001715 0.010 134.8 83.2 156.8 122.8
2010_001726 0.062 50.9 -0.6 478.2 343.0
2010_001753 0.013 411.0 201.5 432.3 213.4
2010_001756 0.024 118.0 221.9 191.3 295.0
2010_001776 0.026 262.9 5.0 325.6 49.3
2010_001776 0.014 287.9 0.1 327.2 28.9
2010_001807 0.098 393.4 277.6 500.6 334.6
2010_001807 0.014 416.4 275.1 496.9 301.3
2010_001808 0.011 232.1 245.1 267.7 296.0
2010_001849 0.021 236.5 93.3 484.2 322.2
2010_001860 0.016 28.2 47.5 473.9 234.1
2010_001870 0.019 210.4 276.5 239.3 314.3
2010_001896 0.272 35.6 30.5 293.5 393.8
2010_001911 0.018 405.2 220.6 434.7 259.5
2010_001911 0.012 398.2 207.8 450.1 257.3
2010_001919 0.019 141.8 308.2 226.8 441.5
2010_001922 0.014 82.0 0.1 409.9 332.7
2010_001931 0.013 89.2 34.5 480.5 287.1
2010_001939 0.412 154.2 150.7 396.4 409.4
2010_001939 0.054 128.4 204.4 174.2 259.2
2010_001940 0.010 138.6 258.0 164.8 280.6
2010_001970 0.309 11.1 98.8 439.4 321.3
2010_001979 0.018 308.8 294.5 371.8 321.0
2010_001994 0.918 88.0 126.9 291.4 314.1
2010_001994 0.103 214.6 129.8 293.5 213.2
2010_001994 0.061 138.5 130.3 294.8 227.5
2010_001994 0.038 216.6 130.9 274.2 168.3
2010_001994 0.021 233.7 183.0 265.8 210.0
2010_001994 0.017 162.0 130.1 291.2 182.9
2010_002018 0.010 245.6 92.4 320.1 177.3
2010_002020 0.062 182.6 295.7 238.1 337.4
2010_002039 0.013 334.5 315.4 377.9 359.0
2010_002042 0.011 431.9 110.6 492.8 176.7
2010_002045 0.061 48.8 45.2 427.1 369.8
2010_002095 0.030 285.0 116.8 364.7 170.6
2010_002095 0.014 121.7 144.6 160.2 188.2
2010_002095 0.014 198.5 201.3 239.4 215.7
2010_002127 0.013 130.4 235.3 197.3 301.8
2010_002129 0.309 134.8 129.8 359.9 312.2
2010_002129 0.278 131.1 201.0 309.1 332.0
2010_002129 0.015 134.3 118.9 193.3 196.9
2010_002130 0.029 21.5 15.4 496.6 333.8
2010_002132 0.066 126.1 15.3 506.2 335.9
2010_002139 0.037 369.8 158.2 395.5 211.4
2010_002152 0.229 120.3 30.9 303.0 343.3
2010_002185 0.015 222.2 284.8 246.1 314.1
2010_002185 0.010 191.4 287.0 226.6 317.5
2010_002207 0.012 6.8 94.4 241.3 274.8
2010_002220 0.046 404.7 106.2 433.5 180.2
2010_002220 0.020 134.4 162.3 176.9 200.5
2010_002278 0.014 213.1 220.5 287.0 274.5
2010_002299 0.023 63.6 161.7 135.2 231.2
2010_002301 0.020 2.8 45.2 206.2 327.2
2010_002327 0.012 231.8 277.6 265.5 312.5
2010_002327 0.010 178.0 126.1 373.6 327.0
2010_002400 0.192 3.5 76.5 396.2 356.5
2010_002413 0.012 211.6 149.5 259.7 188.7
2010_002431 0.010 53.3 247.6 104.7 277.6
2010_002440 0.053 229.7 93.6 272.0 133.3
2010_002440 0.033 221.6 30.8 253.0 75.5
2010_002440 0.028 57.3 102.9 95.3 141.1
2010_002440 0.016 169.0 171.6 240.5 219.6
2010_002485 0.011 90.5 43.4 483.0 321.9
2010_002498 0.017 311.6 128.8 417.1 191.4
2010_002509 0.011 84.5 30.8 189.3 88.2
2010_002520 0.133 97.5 137.9 136.7 170.8
2010_002520 0.051 55.3 134.2 108.9 174.2
2010_002520 0.050 330.4 185.6 387.6 215.2
2010_002520 0.031 77.8 136.2 124.0 172.1
2010_002520 0.015 91.4 122.9 156.6 171.7
2010_002582 0.011 211.0 93.4 301.4 142.7
2010_002583 0.896 86.0 -0.8 484.6 371.8
2010_002583 0.015 -4.7 23.2 233.7 375.5
2010_002583 0.013 -7.4 258.5 349.4 367.0
2010_002615 0.015 36.5 120.3 502.7 274.0
2010_002662 0.015 179.9 194.5 210.0 207.1
2010_002662 0.012 163.1 191.6 191.7 206.5
2010_002733 0.017 377.2 329.1 433.7 374.4
2010_002815 0.011 228.7 310.7 262.6 331.8
2010_002841 0.369 216.3 126.8 281.7 152.2
2010_002841 0.182 259.0 124.6 308.1 149.3
2010_002841 0.012 222.5 134.2 247.0 155.5
2010_002841 0.012 246.7 131.8 293.2 150.5
2010_002851 0.114 208.2 61.0 492.9 326.4
2010_002899 0.018 62.8 385.7 103.2 422.9
2010_002931 0.016 205.6 88.2 233.1 130.1
2010_002935 0.099 116.5 79.7 417.0 305.2
2010_002941 0.358 160.0 436.4 198.1 461.4
2010_002948 0.022 193.9 162.5 258.5 193.2
2010_002973 0.016 132.1 62.6 422.4 307.4
2010_002990 0.014 217.8 69.0 280.1 124.4
2010_003003 0.014 36.5 277.6 50.8 289.1
2010_003017 0.013 419.7 232.8 483.1 247.5
2010_003034 0.212 23.0 169.9 191.0 274.9
2010_003034 0.088 241.8 191.4 433.1 290.9
2010_003047 0.035 328.4 326.3 363.0 376.1
2010_003047 0.029 104.6 41.8 495.4 368.8
2010_003149 0.528 224.7 165.4 264.4 217.8
2010_003153 0.043 165.1 103.8 380.9 319.0
2010_003169 0.806 9.3 153.4 154.7 234.8
2010_003185 0.013 93.4 251.7 168.9 303.8
2010_003186 0.018 -0.8 187.6 238.5 383.4
2010_003186 0.010 265.4 125.7 314.0 161.6
2010_003197 0.023 204.7 347.5 254.0 381.2
2010_003197 0.014 123.9 323.8 152.0 345.8
2010_003204 0.013 147.1 253.2 203.3 332.1
2010_003204 0.012 46.5 351.9 287.8 446.6
2010_003206 0.014 280.3 360.6 328.8 395.0
2010_003227 0.011 99.7 178.9 163.9 227.8
2010_003269 0.040 13.0 5.8 402.1 330.8
2010_003274 0.358 290.3 29.2 369.1 84.7
2010_003274 0.013 296.6 27.1 366.1 55.8
2010_003343 0.019 193.6 288.8 259.9 340.2
2010_003380 0.017 131.4 187.0 170.9 216.2
2010_003383 0.022 56.4 38.5 499.9 180.6
2010_003384 0.016 114.2 438.2 142.2 475.1
2010_003391 0.020 272.9 225.5 307.4 266.2
2010_003432 0.019 278.0 172.3 315.4 210.8
2010_003478 0.991 57.0 141.7 319.9 361.0
2010_003478 0.047 294.9 170.5 380.3 259.5
2010_003478 0.023 210.9 220.6 350.9 336.8
2010_003478 0.022 206.9 167.5 347.4 282.7
2010_003478 0.017 256.2 199.5 368.2 261.4
2010_003478 0.017 286.8 156.9 407.7 315.5
2010_003478 0.014 319.3 184.7 397.5 289.5
2010_003478 0.013 2.6 246.2 44.2 276.3
2010_003478 0.012 231.4 214.9 337.3 291.2
2010_003478 0.012 56.7 213.2 120.9 374.5
2010_003478 0.011 8.1 226.9 63.3 375.3
2010_003478 0.010 148.0 248.9 319.8 365.1
2010_003509 0.046 234.7 232.1 295.0 259.1
2010_003509 0.017 138.8 204.8 213.3 227.8
2010_003509 0.015 75.0 134.0 475.2 256.2
2010_003513 0.026 27.3 6.8 399.4 318.3
2010_003535 0.151 200.9 160.4 464.8 335.3
2010_003535 0.129 52.6 133.8 251.3 261.4
2010_003554 0.011 182.8 61.1 216.3 113.4
2010_003560 0.014 104.1 161.1 147.2 210.3
2010_003576 0.015 209.4 63.4 488.3 337.2
2010_003592 0.016 95.5 181.6 133.8 207.3
2010_003592 0.013 91.6 172.1 136.8 198.3
2010_003592 0.012 251.9 175.6 300.5 200.0
2010_003625 0.013 265.8 237.7 333.1 271.6
2010_003625 0.010 140.0 244.9 191.9 297.8
2010_003634 0.010 317.3 257.5 363.9 287.1
2010_003644 0.459 52.2 226.7 92.7 264.1
2010_003644 0.344 179.5 179.7 423.4 291.2
2010_003644 0.123 173.8 173.5 306.2 245.5
2010_003644 0.029 -5.2 179.9 285.4 266.2
2010_003644 0.012 250.7 200.7 419.6 262.5
2010_003644 0.011 170.2 208.2 301.6 274.6
2010_003649 0.014 72.5 13.6 438.5 285.1
2010_003651 0.036 32.3 235.2 65.7 280.3
2010_003671 0.014 21.0 196.7 67.5 213.7
2010_003672 0.011 208.8 60.2 320.8 270.0
2010_003703 0.206 63.3 170.1 212.7 357.0
2010_003703 0.116 -1.2 165.2 86.2 323.5
2010_003703 0.095 182.3 158.9 308.3 341.1
2010_003703 0.032 239.7 186.6 343.0 341.0
2010_003703 0.020 14.8 134.7 178.0 270.1
2010_003703 0.019 1.1 13.0 68.1 70.2
2010_003703 0.017 287.2 345.0 309.9 360.7
2010_003717 0.017 284.0 58.2 411.5 230.6
2010_003717 0.012 115.3 81.1 317.4 264.4
2010_003736 0.013 221.7 233.6 284.1 310.7
2010_003752 0.011 343.2 39.3 365.3 66.6
2010_003770 0.016 417.0 162.5 489.3 177.8
2010_003784 0.012 279.3 233.2 329.8 257.0
2010_003856 0.017 197.4 207.9 234.8 251.3
2010_003860 0.020 87.7 49.2 316.6 258.2
2010_003871 0.014 94.6 162.8 253.8 259.4
2010_003871 0.012 272.4 187.9 301.3 217.6
2010_003892 0.055 5.0 200.1 46.0 233.6
2010_003910 0.025 80.5 25.1 425.1 323.7
2010_003938 0.013 112.1 206.4 159.1 249.6
2010_003949 0.033 124.2 385.9 153.2 428.9
2010_003957 0.015 2.6 89.7 54.6 155.2
2010_003987 0.014 30.8 12.4 507.5 368.7
2010_004007 0.018 297.3 233.5 341.4 265.1
2010_004007 0.014 261.5 224.3 339.5 269.2
2010_004017 0.010 253.1 235.3 295.9 275.7
2010_004025 0.084 59.4 31.2 429.8 358.9
2010_004025 0.012 357.4 88.4 418.9 279.8
2010_004033 0.015 3.2 230.9 38.2 273.7
2010_004043 0.012 226.2 224.9 298.4 270.3
2010_004053 0.043 48.2 191.2 353.6 464.0
2010_004053 0.018 198.1 389.0 369.3 482.8
2010_004062 0.014 241.4 66.9 276.6 96.8
2010_004062 0.011 161.7 137.6 208.9 177.2
2010_004066 0.013 3.6 -1.0 33.7 49.4
2010_004072 0.015 52.4 130.6 138.2 196.7
2010_004089 0.018 77.0 162.4 138.1 221.9
2010_004118 0.016 19.6 166.0 97.5 233.0
2010_004118 0.015 343.1 187.3 382.8 230.5
2010_004118 0.011 294.5 183.0 384.4 232.5
2010_004163 0.013 8.4 45.6 480.5 299.9
2010_004197 0.015 78.1 -9.6 465.2 242.9
2010_004197 0.011 123.2 137.3 234.2 305.8
2010_004231 0.012 119.4 16.3 351.7 147.3
2010_004244 0.011 1.3 77.7 40.6 107.6
2010_004249 0.021 7.1 83.5 168.3 324.2
2010_004264 0.046 119.6 235.6 166.0 285.4
2010_004271 0.012 0.3 5.2 342.1 502.5
2010_004275 0.018 15.3 122.0 224.2 309.0
2010_004282 0.046 7.6 73.3 50.3 106.8
2010_004283 0.011 83.1 48.4 120.0 85.1
2010_004332 0.015 125.9 135.8 184.5 193.1
2010_004344 0.039 90.5 246.1 140.0 269.7
2010_004349 0.023 50.8 56.8 407.9 322.7
2010_004361 0.010 248.3 153.9 328.0 254.3
2010_004371 0.010 227.1 300.0 292.9 373.6
2010_004412 0.020 391.6 207.0 444.8 281.1
2010_004436 0.399 287.4 175.3 452.0 301.6
2010_004436 0.383 72.3 19.5 414.9 338.8
2010_004436 0.065 -15.4 25.5 238.6 356.6
2010_004436 0.029 168.9 150.6 415.7 368.3
2010_004436 0.022 147.1 54.1 377.4 267.4
2010_004459 0.013 170.3 104.9 414.0 250.7
2010_004466 0.127 276.4 194.6 441.4 336.5
2010_004467 0.031 277.0 168.0 321.5 209.9
2010_004467 0.012 255.1 146.2 322.5 208.1
2010_004467 0.011 261.9 162.6 321.1 193.8
2010_004476 0.031 433.3 223.4 463.1 247.4
2010_004476 0.022 417.2 225.6 444.7 244.1
2010_004476 0.019 400.4 224.4 428.6 242.9
2010_004477 0.091 96.3 157.0 136.5 200.0
2010_004477 0.040 469.8 176.6 498.5 224.9
2010_004478 0.019 145.2 3.4 211.9 28.3
2010_004481 0.013 -4.2 19.0 494.1 308.8
2010_004491 0.016 165.5 273.9 182.8 288.2
2010_004491 0.013 158.8 285.6 192.3 305.7
2010_004493 0.018 238.5 338.5 272.9 386.8
2010_004540 0.019 28.8 91.1 299.8 353.0
2010_004592 0.027 16.6 232.2 87.3 293.9
2010_004601 0.384 -4.4 133.3 450.3 278.2
2010_004601 0.017 383.3 172.8 461.2 263.8
2010_004601 0.016 244.0 60.4 272.2 76.3
2010_004657 0.016 393.3 226.9 415.4 248.3
2010_004666 0.022 198.5 82.7 237.5 110.2
2010_004666 0.012 280.9 143.1 344.7 197.8
2010_004712 0.046 394.3 165.3 430.9 192.3
2010_004712 0.031 106.1 162.7 151.9 184.1
2010_004728 0.011 409.9 46.4 427.5 64.8
2010_004741 0.013 145.3 288.6 183.2 332.3
2010_004793 0.288 14.8 33.0 495.6 315.3
2010_004797 0.028 201.2 144.9 481.9 333.8
2010_004816 0.021 151.5 175.4 437.5 342.6
2010_004844 0.024 319.9 113.5 338.7 145.6
2010_004844 0.024 328.8 106.3 353.0 152.8
2010_004844 0.018 320.3 99.7 384.3 154.6
2010_004910 0.018 -5.5 139.8 211.7 303.5
2010_004913 0.207 250.6 56.6 340.7 97.4
2010_004933 0.025 2.2 66.0 187.6 129.4
2010_004953 0.016 87.4 288.8 135.1 321.6
2010_004970 0.019 260.3 75.5 297.5 111.3
2010_004983 0.027 349.1 120.4 383.3 168.7
2010_004983 0.011 2.8 138.9 99.0 167.3
2010_004983 0.011 364.5 123.7 391.5 167.0
2010_004995 0.047 32.4 119.1 58.9 168.6
2010_004995 0.012 49.7 113.8 66.9 152.4
2010_004995 0.010 19.0 107.9 55.2 175.2
2010_004997 0.011 97.2 166.1 131.4 209.1
2010_005019 0.012 292.8 192.2 357.7 246.0
2010_005094 0.213 58.8 148.9 262.8 316.0
2010_005094 0.016 78.1 233.1 163.3 305.1
2010_005099 0.995 128.7 119.6 367.8 324.7
2010_005099 0.293 268.7 131.1 376.9 213.0
2010_005099 0.270 383.9 125.2 495.0 169.7
2010_005099 0.027 177.3 127.2 361.9 225.7
2010_005099 0.016 234.4 177.1 371.4 318.4
2010_005099 0.013 282.5 127.1 410.8 180.5
2010_005099 0.013 370.6 139.3 499.5 189.8
2010_005099 0.013 296.2 128.4 491.0 225.1
2010_005099 0.011 346.9 140.7 474.3 322.7
2010_005099 0.011 267.8 110.8 510.7 184.7
2010_005099 0.011 367.0 155.4 483.9 207.9
2010_005100 0.014 380.0 241.4 406.6 289.2
2010_005100 0.013 246.7 193.5 276.9 244.1
2010_005101 0.010 19.7 38.7 433.7 297.4
2010_005110 0.081 258.9 167.0 290.3 207.6
2010_005128 0.012 -0.3 96.1 72.0 153.0
2010_005129 0.042 118.1 142.1 184.9 171.2
2010_005129 0.016 305.8 168.7 343.4 222.3
2010_005129 0.011 296.7 187.8 335.2 228.7
2010_005170 0.015 289.5 158.1 336.4 196.2
2010_005170 0.011 268.8 154.3 343.0 217.2
2010_005202 0.028 40.9 13.9 493.2 327.8
2010_005213 0.051 50.8 21.9 285.9 478.1
2010_005229 0.012 35.5 206.3 52.8 236.4
2010_005258 0.283 105.6 72.9 161.8 95.3
2010_005258 0.272 98.4 59.7 360.5 311.5
2010_005258 0.017 81.4 234.8 166.0 321.3
2010_005275 0.035 165.7 268.6 216.8 298.1
2010_005349 0.064 309.3 82.9 339.9 135.1
2010_005409 0.010 253.2 222.2 338.8 262.8
2010_005429 0.013 60.2 127.9 466.6 288.3
2010_005466 0.012 6.3 150.3 490.4 373.7
2010_005468 0.966 185.8 198.5 410.5 447.4
2010_005468 0.036 237.9 201.2 382.5 342.3
2010_005468 0.012 316.7 207.3 402.0 316.9
2010_005468 0.011 207.2 305.1 369.4 447.7
2010_005500 0.036 80.3 84.9 259.1 214.2
2010_005506 0.391 185.9 399.6 223.3 443.4
2010_005506 0.051 184.2 398.9 276.2 439.2
2010_005506 0.047 244.2 403.1 300.7 445.2
2010_005506 0.022 194.5 398.7 247.2 429.2
2010_005570 0.017 271.2 149.1 394.6 247.9
2010_005570 0.016 190.2 168.6 369.9 281.2
2010_005570 0.014 8.5 175.3 251.3 306.6
2010_005573 0.087 21.9 81.7 382.8 234.9
2010_005597 0.010 342.0 153.3 371.6 204.5
2010_005601 0.014 352.9 278.1 380.1 337.1
2010_005603 0.012 195.4 136.4 257.2 232.3
2010_005616 0.048 234.1 217.9 262.3 238.3
2010_005616 0.025 254.0 218.7 273.3 238.2
2010_005616 0.020 218.3 215.1 253.6 238.5
2010_005616 0.014 221.1 225.0 248.3 239.7
2010_005665 0.034 209.9 133.9 242.2 159.3
2010_005670 0.013 78.2 137.2 371.2 229.2
2010_005696 0.024 271.3 214.3 352.3 266.2
2010_005721 0.018 402.6 8.6 451.3 33.7
2010_005732 0.015 114.5 4.1 498.7 322.7
2010_005734 0.010 306.5 7.4 342.4 72.2
2010_005776 0.011 252.4 194.9 307.5 264.9
2010_005830 0.039 136.3 153.4 201.1 220.4
2010_005835 0.997 203.0 157.2 294.3 231.8
2010_005835 0.110 255.0 168.6 296.1 227.9
2010_005835 0.051 230.6 179.5 261.2 225.6
2010_005835 0.030 245.7 180.1 281.2 227.7
2010_005835 0.027 221.0 182.2 250.5 222.8
2010_005835 0.023 249.5 156.0 328.4 231.5
2010_005854 0.010 244.9 91.7 344.1 297.1
2010_005875 0.089 190.6 199.3 228.5 283.8
2010_005875 0.068 368.2 202.0 427.2 287.9
2010_005875 0.057 252.6 200.7 294.8 279.7
2010_005875 0.049 321.7 205.7 362.2 278.6
2010_005875 0.022 295.8 201.5 330.1 269.9
2010_005891 0.015 151.9 154.0 202.2 173.5
2010_005891 0.015 257.4 161.9 288.3 183.5
2010_005930 0.041 35.3 28.8 346.3 222.4
2010_005930 0.028 42.3 50.0 473.5 303.5
2010_005932 0.012 33.9 183.3 80.7 209.9
2010_005932 0.012 79.0 178.7 107.8 216.4
2010_005942 0.038 40.5 181.9 61.9 225.7
2010_005942 0.015 20.8 177.0 42.2 226.2
2010_005967 0.059 145.3 139.4 499.9 322.3
2010_005968 0.079 125.4 93.7 174.0 133.3
2010_005968 0.011 3.3 98.2 84.9 234.4
2010_005972 0.096 227.9 76.9 267.1 119.3
2010_005972 0.040 374.8 111.1 415.0 179.8
2010_005972 0.029 205.4 72.8 235.4 113.8
2010_005972 0.013 286.3 106.2 334.7 122.7
2010_006012 0.010 385.2 56.3 407.5 101.0
2010_006040 0.018 239.1 148.2 299.9 189.5
2010_006063 0.013 0.1 27.2 451.4 333.1
2010_006073 0.015 230.1 233.2 263.7 260.1
2011_000052 0.018 85.9 208.7 116.3 224.2
2011_000052 0.014 373.7 197.8 417.3 220.6
2011_000052 0.012 94.7 201.5 120.4 220.2
2011_000052 0.011 91.2 204.9 135.0 225.7
2011_000068 0.028 311.8 34.5 350.4 98.8
2011_000149 0.018 68.1 231.2 144.1 280.9
2011_000192 0.020 162.0 134.9 227.3 199.1
2011_000219 0.032 78.6 98.9 198.6 199.8
2011_000219 0.025 242.2 107.5 490.0 294.8
2011_000219 0.024 204.2 67.2 471.4 175.5
2011_000219 0.012 142.4 105.3 241.8 183.7
2011_000220 0.032 321.6 145.0 392.6 195.7
2011_000258 0.012 91.3 52.7 139.5 82.5
2011_000267 0.010 180.1 102.0 443.8 194.0
2011_000269 0.010 231.8 78.6 278.9 116.0
2011_000293 0.011 216.0 208.2 285.8 302.7
2011_000324 0.027 283.4 39.3 321.0 78.6
2011_000342 0.297 358.0 271.5 413.7 326.9
2011_000342 0.018 127.3 224.1 145.0 247.0
2011_000375 0.222 222.8 216.8 266.5 265.0
2011_000383 0.013 4.5 62.5 369.0 314.1
2011_000385 0.919 107.1 100.8 481.8 351.6
2011_000385 0.136 1.3 137.9 102.1 348.1
2011_000385 0.062 93.2 116.6 197.1 340.0
2011_000385 0.031 112.8 111.9 182.9 158.6
2011_000392 0.111 279.5 270.8 325.2 296.0
2011_000392 0.016 295.9 267.7 351.7 294.2
2011_000472 0.012 66.9 208.5 141.5 275.7
2011_000491 0.011 129.9 124.4 478.0 259.8
2011_000513 0.017 158.1 40.5 224.9 111.5
2011_000520 0.021 106.2 118.4 121.8 153.9
2011_000542 0.020 6.0 -3.3 367.3 282.1
2011_000556 0.973 48.0 37.8 362.6 339.8
2011_000556 0.807 241.4 64.0 491.8 345.2
2011_000558 0.012 373.5 58.6 386.4 74.8
2011_000558 0.011 376.8 60.2 399.2 74.9
2011_000558 0.011 400.0 62.7 416.8 76.1
2011_000637 0.104 -2.3 16.1 500.5 370.5
2011_000641 0.016 285.7 173.4 322.1 210.1
2011_000655 0.013 257.0 2.7 304.2 37.8
2011_000655 0.012 233.4 2.4 268.2 36.0
2011_000684 0.035 248.1 186.9 398.9 279.2
2011_000684 0.014 280.6 151.4 451.8 265.6
2011_000703 0.856 29.0 62.3 466.8 317.2
2011_000703 0.188 451.5 105.2 494.9 137.3
2011_000703 0.089 427.1 93.8 497.1 139.9
2011_000703 0.083 350.8 73.5 459.7 310.4
2011_000703 0.039 360.2 73.2 449.2 194.9
2011_000703 0.022 441.6 69.3 493.9 161.1
2011_000703 0.015 451.0 123.8 483.1 141.8
2011_000703 0.014 462.2 78.5 530.2 145.3
2011_000703 0.013 454.3 116.8 474.4 138.6
2011_000703 0.010 435.8 105.1 456.7 134.8
2011_000713 0.033 139.5 307.8 175.9 337.3
2011_000731 0.020 319.3 373.7 350.5 428.4
2011_000731 0.013 298.8 365.5 351.2 448.8
2011_000757 0.014 332.5 213.4 349.5 233.3
2011_000757 0.013 322.4 213.5 338.4 233.0
2011_000800 0.023 417.9 244.9 472.8 271.6
2011_000800 0.017 441.1 247.8 482.3 276.0
2011_000800 0.011 410.0 253.2 454.8 274.2
2011_000806 0.020 394.5 268.1 416.2 309.1
2011_000806 0.013 365.5 269.8 388.6 308.7
2011_000828 0.014 344.6 108.5 405.6 165.9
2011_000831 0.966 332.1 178.4 485.8 268.8
2011_000831 0.690 197.7 183.3 346.4 279.9
2011_000831 0.471 46.4 154.0 171.4 306.4
2011_000831 0.341 418.8 189.7 498.5 263.9
2011_000831 0.332 314.3 183.4 416.7 278.1
2011_000831 0.019 376.1 188.4 452.5 284.2
2011_000831 0.017 449.3 183.1 513.0 252.8
2011_000831 0.016 45.8 165.4 139.5 228.6
2011_000831 0.015 370.2 210.9 497.1 272.0
2011_000831 0.014 318.4 172.5 440.4 231.7
2011_000839 0.043 48.8 62.6 96.9 93.7
2011_000839 0.015 75.4 61.1 99.4 96.3
2011_000839 0.014 172.9 17.7 207.4 41.5
2011_000839 0.013 151.9 15.8 198.3 43.8
2011_000839 0.010 42.9 66.5 77.5 101.3
2011_000858 0.034 137.8 93.0 193.7 141.7
2011_000858 0.021 153.5 98.8 181.8 138.9
2011_000858 0.018 374.4 185.5 452.6 253.8
2011_000858 0.017 378.3 183.5 433.8 226.7
2011_000858 0.015 153.0 89.2 202.3 123.5
2011_000858 0.014 233.6 7.1 282.6 62.2
2011_000882 0.016 437.6 191.5 489.1 225.4
2011_000882 0.012 436.7 195.4 466.9 221.8
2011_000920 0.026 124.7 380.2 150.7 408.0
2011_000920 0.012 224.8 217.1 303.3 310.4
2011_000922 0.057 163.7 203.7 204.2 241.9
2011_000922 0.034 275.3 241.3 394.8 339.8
2011_000922 0.029 161.4 231.8 283.2 324.5
2011_000922 0.016 263.7 227.3 320.1 267.8
2011_000922 0.014 77.9 214.6 105.4 246.8
2011_000934 0.023 99.3 94.8 162.9 166.7
2011_000934 0.015 99.6 101.6 138.6 153.5
2011_000979 0.075 197.5 158.7 290.5 202.7
2011_000981 0.013 364.8 0.2 400.6 20.6
2011_000996 0.011 215.1 115.6 246.5 145.5
2011_001016 0.012 411.9 141.3 448.1 198.6
2011_001028 0.029 348.3 99.5 413.3 192.6
2011_001030 0.016 71.6 28.0 498.5 328.0
2011_001055 0.913 115.0 71.7 362.2 200.9
2011_001055 0.043 373.4 37.9 409.2 91.3
2011_001055 0.012 121.6 89.2 184.1 191.8
2011_001062 0.028 179.4 128.2 250.3 182.4
2011_001062 0.021 273.6 126.8 325.6 151.6
2011_001062 0.011 211.3 128.9 254.2 156.9
2011_001062 0.010 230.6 129.2 258.3 163.7
2011_001079 0.988 241.2 148.6 493.7 344.3
2011_001079 0.880 24.7 124.0 350.2 341.9
2011_001079 0.027 379.7 142.2 498.9 340.5
2011_001079 0.024 18.1 167.8 218.9 332.8
2011_001079 0.022 278.8 254.7 353.0 351.1
2011_001079 0.021 470.8 208.5 498.4 249.9
2011_001079 0.015 387.5 154.2 495.3 215.2
2011_001079 0.014 415.9 167.9 509.6 236.7
2011_001079 0.014 435.3 185.6 502.6 351.7
2011_001079 0.013 224.7 270.6 494.7 357.7
2011_001079 0.013 343.7 41.0 382.0 64.2
2011_001079 0.013 212.3 144.6 377.1 253.4
2011_001079 0.010 96.0 243.6 191.4 342.9
2011_001079 0.010 90.4 202.3 159.4 330.9
2011_001117 0.021 4.2 59.8 40.9 91.2
2011_001133 0.037 196.2 130.1 254.5 208.4
2011_001163 0.064 219.7 211.7 257.3 232.7
2011_001163 0.012 214.8 218.2 246.9 232.2
2011_001163 0.011 209.7 211.3 238.2 231.5
2011_001166 0.018 295.6 226.4 337.4 286.4
2011_001189 0.010 11.6 201.0 49.9 235.3
2011_001259 0.032 5.5 218.0 156.0 348.0
2011_001259 0.017 200.5 211.1 258.5 273.8
2011_001259 0.013 448.1 159.4 467.9 178.6
2011_001272 0.952 21.6 5.6 493.9 330.9
2011_001272 0.456 256.3 17.0 479.6 317.5
2011_001272 0.028 381.9 16.3 497.7 264.1
2011_001272 0.020 0.6 34.3 140.6 347.0
2011_001369 0.072 12.3 142.8 48.0 193.8
2011_001369 0.018 198.6 146.9 301.8 199.2
2011_001412 0.016 232.7 117.0 290.5 148.1
2011_001412 0.014 221.3 106.9 272.4 145.8
2011_001422 0.033 90.7 -1.1 503.4 332.8
2011_001455 0.018 184.5 110.9 216.3 162.8
2011_001475 0.014 46.4 123.0 77.4 165.8
2011_001475 0.012 325.9 90.2 394.9 152.9
2011_001476 0.060 376.9 151.5 416.2 180.5
2011_001476 0.022 370.5 154.3 399.9 177.0
2011_001476 0.010 254.6 114.8 270.0 131.7
2011_001510 0.043 128.2 187.3 229.2 247.4
2011_001510 0.033 287.5 213.4 340.1 247.6
2011_001537 0.013 272.1 146.0 389.3 187.6
2011_001538 0.917 324.0 125.9 414.4 251.8
2011_001538 0.349 216.9 99.2 330.8 305.6
2011_001538 0.030 467.7 120.5 503.5 263.8
2011_001538 0.021 317.0 133.0 375.4 206.1
2011_001538 0.020 333.1 125.6 408.4 193.3
2011_001538 0.015 388.8 133.3 444.0 244.3
2011_001538 0.015 418.6 130.9 464.2 254.7
2011_001538 0.012 205.1 107.5 315.3 218.2
2011_001538 0.010 252.8 154.4 311.8 309.3
2011_001557 0.017 6.4 2.5 312.0 364.9
2011_001560 0.013 59.9 95.6 81.0 116.3
2011_001622 0.013 161.5 185.7 198.5 227.8
2011_001625 0.011 12.8 35.1 497.4 356.5
2011_001653 0.107 62.4 203.2 440.3 443.1
2011_001694 0.023 9.7 214.1 153.6 440.6
2011_001710 0.944 25.7 32.2 466.8 291.6
2011_001710 0.014 68.6 122.0 395.9 278.9
2011_001715 0.048 183.0 139.4 238.0 212.0
2011_001715 0.015 202.7 161.0 236.2 213.9
2011_001716 0.216 379.4 205.0 466.1 254.5
2011_001716 0.012 197.0 193.4 247.2 225.1
2011_001764 0.014 -8.8 53.9 473.0 230.3
2011_001799 0.032 302.4 60.2 335.3 117.4
2011_001805 0.235 321.2 153.7 354.3 192.4
2011_001805 0.015 229.4 95.1 262.1 154.7
2011_001840 0.020 332.0 140.8 377.1 166.1
2011_001871 0.023 224.7 214.7 237.9 236.9
2011_001871 0.012 216.4 216.8 228.5 239.5
2011_001871 0.011 266.4 213.9 277.8 231.1
2011_001884 0.013 248.8 248.8 408.2 334.9
2011_001893 0.016 238.5 116.2 296.1 157.7
2011_001901 0.071 101.7 91.7 198.4 155.8
2011_001906 0.024 169.0 61.4 211.1 89.0
2011_001922 0.017 4.7 109.5 489.4 218.2
2011_001928 0.012 138.3 170.3 191.3 188.0
2011_001937 0.012 445.1 215.1 498.2 247.8
2011_001972 0.042 210.6 182.2 253.0 218.2
2011_001972 0.025 230.8 209.8 274.8 264.0
2011_001987 0.025 141.3 91.0 172.3 139.4
2011_001991 0.010 26.8 105.7 203.1 170.6
2011_002005 0.011 -1.1 14.6 495.3 378.9
2011_002012 0.020 179.8 125.1 386.3 296.5
2011_002046 0.083 214.6 23.0 279.4 70.5
2011_002046 0.035 396.2 2.8 445.6 27.9
2011_002046 0.013 370.5 -0.2 446.2 51.1
2011_002046 0.011 113.4 24.6 182.4 83.9
2011_002049 0.019 272.0 261.3 329.9 285.7
2011_002049 0.010 237.3 249.8 323.8 292.4
2011_002050 0.021 338.2 171.4 379.4 193.0
2011_002050 0.010 398.5 167.6 443.0 195.4
2011_002096 0.079 300.7 130.0 340.8 160.6
2011_002096 0.019 284.9 128.9 318.4 160.2
2011_002096 0.012 231.4 126.7 275.7 158.3
2011_002119 0.026 113.2 4.5 427.4 339.1
2011_002134 0.016 100.0 178.9 112.1 197.1
2011_002148 0.019 271.7 190.0 360.3 241.8
2011_002177 0.406 75.4 219.0 243.2 412.5
2011_002211 0.014 195.4 212.3 233.8 235.0
2011_002211 0.011 168.9 194.4 251.4 241.4
2011_002227 0.015 68.8 151.7 85.1 175.8
2011_002227 0.011 60.2 143.0 91.8 176.7
2011_002253 0.066 297.5 252.2 418.5 338.9
2011_002253 0.011 83.6 166.4 137.8 203.0
2011_002300 0.012 4.6 126.5 36.3 164.0
2011_002335 0.108 347.7 257.8 391.1 291.3
2011_002335 0.015 250.0 241.9 295.2 274.3
2011_002341 0.035 43.1 117.5 478.4 267.0
2011_002388 0.025 5.5 -1.1 437.0 327.7
2011_002389 0.054 144.1 34.3 196.0 70.0
2011_002389 0.023 19.9 15.1 49.3 69.4
2011_002402 0.010 89.7 1.4 502.7 332.5
2011_002420 0.045 36.7 120.1 462.9 339.1
2011_002420 0.014 346.5 278.7 372.0 315.7
2011_002443 0.015 83.0 220.0 109.2 240.1
2011_002443 0.015 90.4 225.5 105.9 248.9
2011_002443 0.013 105.0 211.8 164.8 261.4
2011_002443 0.013 82.6 226.0 96.8 243.3
2011_002443 0.013 73.8 224.1 102.9 247.1
2011_002448 0.018 146.9 214.5 163.3 229.6
2011_002448 0.016 154.5 213.2 173.1 229.3
2011_002448 0.011 144.3 214.5 182.8 233.4
2011_002455 0.233 104.0 36.7 456.6 303.6
2011_002460 0.047 230.7 195.4 274.8 237.7
2011_002462 0.011 142.9 66.8 217.1 111.8
2011_002503 0.033 68.1 10.2 111.0 50.2
2011_002503 0.011 161.0 6.7 221.7 46.5
2011_002526 0.265 3.6 155.7 175.8 285.9
2011_002526 0.103 272.5 170.3 337.4 300.2
2011_002526 0.034 128.2 168.1 183.5 282.8
2011_002526 0.020 82.1 160.1 202.6 281.2
2011_002526 0.019 229.8 167.7 278.0 236.5
2011_002526 0.015 320.4 181.1 385.7 275.0
2011_002526 0.014 342.3 177.6 407.3 261.0
2011_002526 0.014 140.6 157.4 213.9 254.0
2011_002526 0.013 257.2 174.9 310.1 294.6
2011_002526 0.013 2.1 163.4 86.5 265.0
2011_002555 0.104 147.1 62.3 178.7 91.8
2011_002555 0.031 -0.8 37.5 317.7 169.4
2011_002561 0.033 270.6 123.3 476.7 337.2
2011_002561 0.018 92.1 186.7 117.3 243.6
2011_002609 0.023 103.4 204.3 150.0 243.4
2011_002657 0.012 62.3 190.0 98.1 242.3
2011_002658 0.030 -2.9 82.8 486.4 373.2
2011_002677 0.012 17.2 191.0 45.0 225.7
2011_002706 0.015 413.4 319.4 449.1 340.9
2011_002724 0.010 138.8 111.5 364.9 190.6
2011_002776 0.026 64.1 190.6 109.5 227.4
2011_002795 0.305 15.1 63.0 304.3 290.6
2011_002795 0.083 18.0 78.3 162.2 280.5
2011_002795 0.018 334.3 114.8 398.9 218.5
2011_002795 0.012 107.7 70.8 258.0 261.7
2011_002917 0.034 133.3 113.8 291.8 265.8
2011_002974 0.018 331.1 130.1 343.8 150.7
2011_002974 0.013 297.4 128.3 333.7 149.8
2011_002974 0.010 321.1 127.6 340.4 151.1
2011_003010 0.043 212.4 146.1 300.9 222.8
2011_003020 0.019 24.5 158.4 79.8 179.1
2011_003025 0.011 380.9 28.6 458.9 111.4
2011_003044 0.013 140.9 227.5 170.5 295.6
2011_003057 0.011 38.6 1.3 486.9 331.4
2011_003066 0.011 328.9 169.6 391.0 208.2
2011_003073 0.056 0.4 146.9 361.1 352.3
2011_003073 0.011 300.2 105.4 361.9 216.9
2011_003078 0.060 387.6 188.4 432.9 231.2
2011_003078 0.036 358.2 200.8 394.4 237.9
2011_003078 0.018 368.0 209.2 390.9 235.0
2011_003078 0.017 383.6 202.2 403.9 233.9
2011_003078 0.016 386.8 210.6 424.7 235.7
2011_003078 0.013 372.4 198.1 418.9 230.5
2011_003109 0.014 223.0 164.8 241.6 180.1
2011_003109 0.010 206.1 163.2 236.6 184.3
2011_003124 0.022 119.7 191.6 261.9 349.6
2011_003171 0.016 291.1 173.0 314.4 215.8
2011_003171 0.015 359.6 185.5 394.9 201.7
2011_003171 0.013 340.3 184.6 367.6 201.6
2011_003171 0.012 337.7 175.8 371.8 198.4
2011_003171 0.011 329.2 185.4 352.4 202.6
2011_003171 0.011 345.7 181.6 386.5 202.8
2011_003187 0.011 71.0 135.3 324.8 276.7
2011_003194 0.011 351.4 98.3 413.2 131.3
2011_003223 0.011 -8.5 133.3 335.4 276.8
2011_003236 0.012 476.8 248.6 496.2 275.6
2011_003246 0.026 96.2 188.3 130.5 218.1
2011_003247 0.021 411.4 75.3 451.6 97.5
2011_003274 0.084 181.3 101.3 336.0 204.4
2011_003274 0.025 -3.8 1.4 382.3 221.9
