2008_000008 0.957 42.0 7.9 482.3 328.1
2008_000008 0.022 209.3 35.9 464.5 257.8
2008_000008 0.018 96.4 15.1 405.9 219.8
2008_000015 0.014 314.9 154.3 355.7 212.2
2008_000015 0.013 374.8 152.4 433.7 222.7
2008_000028 0.984 81.7 20.9 415.9 340.0
2008_000070 0.010 296.0 196.8 502.3 372.8
2008_000141 0.026 271.6 210.8 382.0 285.1
2008_000141 0.011 359.6 102.2 414.2 243.0
2008_000141 0.011 123.4 209.2 251.6 270.1
2008_000144 0.012 27.9 34.4 251.8 281.4
2008_000185 0.023 228.6 99.9 301.0 187.5
2008_000187 0.056 71.9 205.6 145.4 294.8
2008_000187 0.017 310.7 134.8 395.5 197.4
2008_000189 0.012 -4.5 23.2 511.8 355.1
2008_000259 0.977 31.8 -0.9 443.4 380.7
2008_000259 0.026 428.8 327.5 499.4 383.2
2008_000259 0.011 68.4 6.7 373.9 214.5
2008_000259 0.011 258.3 18.0 455.2 367.8
2008_000318 0.091 57.1 175.4 103.8 211.0
2008_000318 0.088 321.7 96.5 423.3 155.1
2008_000330 0.163 -3.1 53.3 365.4 484.6
2008_000380 0.011 88.2 298.2 196.2 369.9
2008_000380 0.010 -1.4 391.3 76.0 492.9
2008_000428 0.011 176.3 114.9 230.3 234.5
2008_000437 0.027 55.4 228.2 345.3 447.4
2008_000443 0.014 -1.5 58.8 50.5 165.5
2008_000445 0.062 235.6 2.6 497.1 362.5
2008_000445 0.014 183.8 14.8 365.1 356.5
2008_000461 0.259 118.9 10.8 441.2 339.7
2008_000572 0.026 357.1 119.7 500.9 268.9
2008_000588 0.026 12.2 86.2 309.7 460.4
2008_000645 0.011 155.1 404.2 219.0 497.1
2008_000669 0.020 10.7 1.1 303.7 206.1
2008_000674 0.011 218.4 98.1 315.6 139.8
2008_000703 0.011 16.8 19.2 315.9 204.7
2008_000716 0.019 294.2 144.7 342.5 195.2
2008_000753 0.113 9.1 8.0 308.5 427.6
2008_000758 0.012 24.1 221.5 302.8 414.5
2008_000761 0.011 -2.8 245.1 57.6 327.4
2008_000778 0.028 -0.4 16.2 350.7 302.9
2008_000798 0.014 19.8 39.3 493.5 339.5
2008_000841 0.022 70.6 239.2 342.7 472.6
2008_000861 0.013 146.3 245.5 180.7 303.7
2008_000881 0.091 327.4 149.8 378.0 352.9
2008_000881 0.024 331.9 159.0 379.0 257.8
2008_000973 0.024 237.7 68.6 493.0 352.5
2008_000973 0.017 34.6 35.4 419.3 363.6
2008_001035 0.073 10.5 39.7 416.1 319.3
2008_001042 0.055 17.1 3.9 428.5 381.8
2008_001047 0.012 11.6 61.6 385.6 473.9
2008_001054 0.015 87.2 86.4 117.5 123.5
2008_001054 0.011 456.0 109.8 501.6 157.2
2008_001081 0.021 255.7 58.2 496.2 319.2
2008_001081 0.021 99.1 89.7 265.7 330.0
2008_001081 0.013 75.9 8.8 356.4 156.8
2008_001115 0.049 223.3 408.0 320.1 497.7
2008_001133 0.032 125.7 60.5 348.2 154.1
2008_001137 0.014 30.7 20.5 427.5 313.6
2008_001143 0.062 310.4 257.4 366.9 348.0
2008_001143 0.043 317.7 276.2 375.4 393.9
2008_001143 0.010 350.9 266.3 378.4 343.2
2008_001161 0.065 105.1 227.8 282.5 445.1
2008_001161 0.018 280.2 456.2 336.8 499.5
2008_001169 0.010 335.0 110.7 419.5 177.1
2008_001182 0.024 28.2 429.3 79.1 503.2
2008_001238 0.028 137.0 114.1 392.0 374.6
2008_001278 0.019 227.2 243.6 290.1 317.4
2008_001278 0.011 297.9 325.2 370.8 376.0
2008_001408 0.025 414.9 49.6 502.9 117.9
2008_001420 0.037 390.6 14.6 503.2 210.1
2008_001440 0.169 -2.6 83.3 171.4 326.4
2008_001444 0.011 22.4 -15.6 310.9 161.8
2008_001446 0.010 49.1 3.4 321.7 487.3
2008_001448 0.014 123.6 89.5 318.7 208.1
2008_001454 0.222 12.2 18.3 492.7 327.8
2008_001479 0.012 241.9 314.1 324.6 335.6
2008_001525 0.028 5.6 1.3 497.1 309.6
2008_001533 0.983 36.6 5.3 481.3 369.8
2008_001563 0.040 20.2 41.7 483.6 389.1
2008_001620 0.134 296.3 138.5 376.6 261.1
2008_001620 0.027 291.8 192.1 369.1 305.5
2008_001620 0.019 300.6 279.8 341.0 317.7
2008_001620 0.014 289.7 117.8 373.7 201.5
2008_001620 0.012 327.7 133.5 392.1 224.6
2008_001620 0.010 279.5 98.4 375.6 159.5
2008_001641 0.024 117.8 97.4 440.5 325.9
2008_001691 0.043 237.6 26.9 506.3 352.3
2008_001751 0.013 87.9 35.3 462.9 286.0
2008_001758 0.011 242.7 54.1 315.3 168.8
2008_001811 0.062 30.0 25.7 459.9 347.1
2008_001811 0.015 112.0 26.5 425.2 217.9
2008_001865 0.086 201.4 126.8 365.6 226.1
2008_001865 0.019 216.5 77.0 372.3 197.3
2008_001865 0.016 204.9 188.7 362.8 233.3
2008_001865 0.015 223.1 118.6 287.8 220.2
2008_001865 0.015 246.8 121.6 316.9 222.4
2008_001865 0.012 208.7 205.1 365.6 249.8
2008_001865 0.011 220.9 147.6 372.7 296.1
2008_001903 0.060 172.4 119.4 332.0 372.5
2008_001903 0.027 274.4 70.3 497.4 369.5
2008_001903 0.011 304.0 73.2 491.0 222.3
2008_001903 0.011 -1.1 4.1 220.7 383.6
2008_001921 0.017 227.2 360.1 338.1 491.5
2008_001926 0.025 90.0 10.9 506.0 366.4
2008_001941 0.015 82.5 253.5 124.9 318.4
2008_001957 0.120 52.1 205.1 440.7 502.4
2008_001957 0.020 159.7 311.6 469.9 492.5
2008_001957 0.015 4.0 291.0 250.7 498.7
2008_001957 0.013 -2.0 304.5 135.2 469.5
2008_001967 0.011 328.8 61.4 395.3 159.8
2008_002002 0.025 120.3 1.6 442.0 314.2
2008_002033 0.711 5.5 -1.8 213.2 246.6
2008_002033 0.653 32.2 242.3 172.0 370.9
2008_002033 0.060 313.2 6.4 493.5 184.9
2008_002033 0.023 70.7 247.5 148.4 318.0
2008_002033 0.012 198.8 313.2 286.4 370.4
2008_002058 0.015 0.1 18.4 274.4 325.2
2008_002061 0.092 276.3 47.6 503.4 370.0
2008_002062 0.131 1.5 4.0 504.7 72.5
2008_002067 0.023 27.2 229.8 251.5 352.1
2008_002079 0.011 421.3 42.6 484.3 76.1
2008_002118 0.047 133.9 39.0 494.0 374.2
2008_002118 0.012 198.8 37.1 485.5 149.8
2008_002119 0.022 10.3 -1.6 508.4 338.7
2008_002123 0.072 62.4 52.4 307.2 273.6
2008_002123 0.032 213.8 37.4 383.9 282.7
2008_002129 0.015 1.1 199.5 271.2 496.0
2008_002131 0.015 366.3 143.3 490.4 272.1
2008_002148 0.010 160.7 142.0 244.6 211.9
2008_002162 0.610 146.9 61.3 287.0 167.1
2008_002162 0.036 20.3 18.7 145.1 165.1
2008_002162 0.019 252.1 85.3 315.4 176.9
2008_002162 0.015 300.4 51.8 499.3 189.4
2008_002175 0.010 177.4 165.5 270.7 244.1
2008_002218 0.169 180.1 191.4 362.8 318.9
2008_002225 0.028 59.4 23.0 425.5 319.0
2008_002227 0.020 14.7 410.5 93.8 484.2
2008_002247 0.037 40.4 23.4 306.1 270.1
2008_002247 0.025 90.3 115.6 280.4 268.1
2008_002258 0.050 15.7 138.8 293.8 424.7
2008_002296 0.013 29.4 254.9 146.4 310.3
2008_002296 0.011 2.0 9.4 380.5 277.6
2008_002299 0.014 116.5 51.2 420.0 366.0
2008_002325 0.093 356.6 89.9 427.8 138.8
2008_002325 0.022 178.6 131.1 230.7 209.6
2008_002331 0.014 277.7 21.0 501.3 315.9
2008_002331 0.012 33.2 34.1 403.0 336.5
2008_002350 0.012 225.4 249.1 345.6 365.5
2008_002350 0.011 416.9 50.6 506.7 126.8
2008_002350 0.011 17.5 304.9 109.3 377.6
2008_002368 0.033 -1.7 103.5 327.6 337.6
2008_002389 0.062 76.0 59.8 449.7 308.9
2008_002411 0.053 131.2 33.6 356.1 259.8
2008_002437 0.026 16.7 47.9 411.4 350.0
2008_002441 0.031 282.7 88.7 399.7 234.9
2008_002441 0.015 130.8 139.3 200.9 220.5
2008_002441 0.013 226.6 12.8 264.0 64.6
2008_002441 0.010 278.4 59.4 405.0 122.7
2008_002459 0.016 366.8 265.7 420.2 293.6
2008_002461 0.287 63.9 4.7 433.7 377.4
2008_002461 0.027 264.8 10.0 496.6 379.2
2008_002487 0.027 52.5 82.3 335.7 481.0
2008_002541 0.011 -0.1 -7.6 85.2 67.6
2008_002551 0.334 5.2 9.6 484.6 372.6
2008_002555 0.106 7.9 15.4 498.7 356.5
2008_002562 0.012 5.5 159.4 307.5 367.4
2008_002584 0.826 1.7 198.9 245.6 370.3
2008_002584 0.026 18.4 107.1 153.1 329.1
2008_002584 0.020 275.1 146.4 427.7 375.9
2008_002584 0.018 280.7 148.2 408.9 268.5
2008_002584 0.016 26.3 284.9 200.7 368.0
2008_002584 0.011 216.4 251.4 355.3 369.9
2008_002584 0.010 11.8 282.3 245.6 453.2
2008_002634 0.012 224.5 375.6 291.5 449.8
2008_002638 0.050 1.5 -0.8 340.1 467.9
2008_002648 0.017 256.4 323.3 379.4 485.5
2008_002665 0.081 -9.4 3.0 483.4 307.1
2008_002676 0.014 22.6 7.0 391.4 470.9
2008_002686 0.074 2.2 -0.9 497.3 372.5
2008_002749 0.011 232.9 118.1 291.0 220.8
2008_002750 0.328 134.4 51.9 507.6 309.0
2008_002750 0.018 190.5 94.6 414.7 287.1
2008_002767 0.382 273.6 234.8 322.1 277.7
2008_002767 0.012 261.9 235.5 308.4 267.3
2008_002787 0.028 44.0 97.3 79.5 144.3
2008_002791 0.014 89.8 300.4 186.5 367.2
2008_002793 0.053 -2.5 337.8 85.9 502.8
2008_002793 0.022 58.3 366.7 338.0 499.4
2008_002793 0.010 122.1 130.0 230.8 292.0
2008_002793 0.010 -14.4 351.8 45.0 482.5
2008_002823 0.015 -8.4 31.2 234.3 371.2
2008_002823 0.013 92.4 28.9 423.1 365.1
2008_002842 0.018 91.4 175.8 140.8 318.4
2008_002866 0.011 10.2 185.3 242.0 374.3
2008_002868 0.232 67.1 42.7 270.0 293.3
2008_002868 0.018 165.1 21.0 364.3 216.0
2008_002885 0.018 120.2 67.5 410.9 371.7
2008_002916 0.027 11.8 231.2 93.0 303.8
2008_002916 0.010 193.3 116.5 497.1 329.7
2008_002930 0.022 14.2 309.9 378.6 483.2
2008_002948 0.026 76.5 213.3 185.4 383.5
2008_002948 0.012 77.1 148.3 209.8 246.8
2008_002977 0.147 18.0 48.0 311.2 265.5
2008_002977 0.011 235.5 249.8 304.0 327.1
2008_003025 0.016 415.6 60.7 479.8 149.1
2008_003041 0.027 2.3 311.0 91.1 382.5
2008_003060 0.011 227.0 -1.7 500.1 177.6
2008_003061 0.066 142.4 59.2 306.5 322.6
2008_003061 0.012 10.7 98.7 330.6 444.3
2008_003079 0.030 61.9 192.2 285.1 327.9
2008_003079 0.024 59.6 7.6 489.9 315.6
2008_003083 0.033 255.0 300.8 370.5 373.7
2008_003112 0.106 148.9 23.9 399.1 217.4
2008_003112 0.022 405.0 76.1 478.6 224.7
2008_003120 0.803 344.9 114.4 500.4 239.8
2008_003120 0.022 -3.7 58.0 480.7 349.8
2008_003120 0.017 275.5 101.8 493.6 301.3
2008_003146 0.015 10.1 88.0 423.1 362.1
2008_003196 0.014 384.6 140.7 499.0 360.5
2008_003261 0.020 209.1 50.7 349.4 184.1
2008_003272 0.010 286.9 47.5 325.9 85.1
2008_003302 0.010 269.0 325.1 346.3 428.0
2008_003303 0.016 164.8 211.1 260.8 292.3
2008_003303 0.013 328.2 150.7 483.9 285.8
2008_003321 0.023 380.4 142.9 503.1 367.2
2008_003323 0.022 379.2 120.9 450.9 194.2
2008_003323 0.017 450.5 125.6 505.5 180.5
2008_003406 0.012 216.1 424.2 355.7 499.1
2008_003414 0.025 159.2 79.4 353.2 311.4
2008_003417 0.084 80.1 8.5 357.6 475.7
2008_003448 0.015 49.6 385.1 291.2 497.2
2008_003488 0.135 23.1 32.7 505.2 418.8
2008_003500 0.097 457.1 109.9 498.2 153.5
2008_003523 0.089 3.1 44.2 376.5 494.5
2008_003562 0.011 -3.6 12.7 352.0 295.5
2008_003575 0.012 -3.8 302.7 74.2 384.2
2008_003589 0.011 206.6 12.5 506.1 289.9
2008_003608 0.068 1.8 69.8 368.1 503.2
2008_003617 0.132 13.4 -6.6 370.3 479.0
2008_003626 0.037 80.4 196.1 324.1 339.8
2008_003635 0.036 57.0 51.6 251.2 257.4
2008_003645 0.021 51.6 33.1 491.3 366.4
2008_003653 0.022 199.9 60.7 240.3 128.1
2008_003653 0.020 259.3 65.0 296.2 129.7
2008_003653 0.011 208.0 118.7 294.2 215.8
2008_003659 0.012 349.1 38.5 382.7 88.1
2008_003675 0.024 4.0 0.6 395.7 90.2
2008_003707 0.103 145.3 93.0 233.2 154.4
2008_003707 0.044 58.5 100.7 138.8 179.7
2008_003707 0.012 13.7 71.6 135.2 117.1
2008_003707 0.012 26.6 78.0 112.4 168.6
2008_003732 0.012 107.2 208.4 331.0 369.0
2008_003764 0.959 114.4 56.3 362.5 301.3
2008_003769 0.019 12.4 37.5 163.1 362.8
2008_003781 0.012 106.2 266.3 184.1 335.1
2008_003788 0.013 435.5 298.2 501.1 381.1
2008_003791 0.083 137.8 10.8 349.6 282.0
2008_003831 0.011 154.0 55.9 379.2 348.4
2008_003864 0.019 -0.3 297.5 72.0 384.7
2008_003870 0.023 97.4 157.9 422.1 376.5
2008_003908 0.010 10.3 20.8 371.1 298.3
2008_003966 0.013 22.0 21.5 499.1 358.1
2008_003984 0.017 35.7 89.9 290.2 444.0
2008_003985 0.010 213.6 224.0 259.1 275.9
2008_004004 0.030 11.5 165.0 307.7 358.7
2008_004026 0.011 263.3 148.8 333.3 266.4
2008_004036 0.016 209.3 216.3 347.7 457.4
2008_004036 0.011 3.8 190.8 60.2 372.2
2008_004042 0.038 60.9 -5.8 198.9 206.8
2008_004042 0.021 40.7 -15.6 322.8 155.0
2008_004042 0.015 186.6 236.8 376.0 501.0
2008_004042 0.013 253.8 314.5 362.9 494.8
2008_004055 0.031 471.5 251.6 507.6 323.2
2008_004077 0.012 0.4 246.3 84.0 312.2
2008_004077 0.012 6.8 307.7 78.1 378.4
2008_004084 0.011 44.6 118.5 292.5 370.7
2008_004097 0.028 21.2 173.3 236.1 473.2
2008_004100 0.173 21.2 2.5 400.3 298.7
2008_004102 0.020 425.0 -0.3 498.2 57.3
2008_004112 0.015 154.3 -0.5 419.4 262.2
2008_004147 0.012 74.4 2.1 443.6 363.8
2008_004171 0.010 33.9 163.8 88.5 251.6
2008_004217 0.158 95.3 87.4 166.8 172.8
2008_004217 0.011 173.1 305.1 242.0 344.3
2008_004235 0.023 169.1 62.9 256.4 136.8
2008_004247 0.027 74.9 143.1 153.1 207.5
2008_004247 0.013 112.2 54.9 423.1 377.3
2008_004284 0.481 140.1 77.8 418.8 241.8
2008_004287 0.016 118.9 117.3 464.6 209.3
2008_004301 0.022 181.6 197.4 247.7 281.0
2008_004303 0.044 131.7 221.0 234.0 285.6
2008_004353 0.455 26.3 75.8 490.7 336.3
2008_004353 0.014 106.4 93.3 450.7 177.3
2008_004353 0.012 160.5 77.6 438.3 142.6
2008_004376 0.011 369.6 149.8 428.2 219.1
2008_004378 0.078 8.8 9.4 78.8 65.7
2008_004416 0.137 26.9 8.9 499.9 369.0
2008_004418 0.067 0.8 -6.9 462.7 351.5
2008_004435 0.019 211.8 280.1 271.5 335.0
2008_004452 0.029 9.2 22.0 494.5 347.6
2008_004457 0.011 135.9 126.9 307.2 296.0
2008_004458 0.031 143.0 143.2 264.9 207.2
2008_004493 0.013 204.2 19.1 499.1 320.1
2008_004505 0.133 156.5 145.9 415.1 333.0
2008_004513 0.808 122.5 108.1 358.3 329.1
2008_004513 0.028 61.5 121.5 233.1 332.0
2008_004513 0.019 -0.9 71.3 311.3 338.5
2008_004513 0.018 217.5 81.6 482.2 320.7
2008_004513 0.011 320.1 132.9 488.6 299.3
2008_004545 0.010 24.7 189.5 89.0 245.9
2008_004551 0.024 414.6 307.8 481.9 373.7
2008_004551 0.010 383.2 29.3 428.5 57.3
2008_004568 0.027 409.9 147.1 469.4 222.9
2008_004581 0.018 6.7 32.9 501.4 179.8
2008_004602 0.317 1.8 42.2 451.3 335.7
2008_004607 0.013 130.9 122.8 413.0 368.6
2008_004607 0.011 306.2 106.0 402.2 167.2
2008_004631 0.289 75.7 48.4 497.3 283.3
2008_004648 0.016 38.1 47.7 380.5 184.6
2008_004649 0.012 2.8 23.3 333.8 493.9
2008_004666 0.022 5.6 14.1 464.5 504.9
2008_004671 0.032 85.3 209.7 291.1 360.9
2008_004672 0.014 383.9 115.7 452.1 228.5
2008_004672 0.013 354.7 96.6 485.3 206.4
2008_004672 0.013 382.1 146.1 496.1 266.5
2008_004672 0.012 352.6 113.2 421.9 230.6
2008_004679 0.778 131.0 3.3 372.0 178.5
2008_004690 0.083 -2.9 22.3 472.9 330.2
2008_004692 0.022 56.1 66.8 344.4 420.8
2008_004697 0.011 -0.9 104.4 468.1 288.9
2008_004750 0.015 22.2 45.9 94.3 126.8
2008_004752 0.146 234.6 61.8 330.5 126.5
2008_004752 0.034 377.4 171.0 492.1 245.3
2008_004752 0.021 241.1 64.2 313.2 95.9
2008_004752 0.018 225.7 14.6 347.4 158.6
2008_004752 0.014 224.1 27.0 337.6 76.6
2008_004752 0.012 223.9 45.0 339.4 100.7
2008_004763 0.037 294.1 85.5 506.3 353.7
2008_004763 0.017 164.3 148.6 255.6 237.6
2008_004776 0.144 22.7 15.1 345.6 459.4
2008_004776 0.016 5.2 2.5 159.9 171.6
2008_004786 0.011 272.2 101.4 435.3 339.7
2008_004841 0.011 287.4 136.6 497.3 257.3
2008_004849 0.026 110.1 206.6 158.2 243.3
2008_004892 0.012 352.2 75.7 494.8 186.5
2008_004911 0.038 290.5 140.8 353.9 177.0
2008_004945 0.022 90.6 3.5 473.7 219.1
2008_004945 0.011 -4.0 -2.6 356.0 163.6
2008_004950 0.024 160.2 179.0 203.4 223.5
2008_004950 0.023 154.6 153.6 218.1 222.2
2008_004950 0.015 121.2 206.6 171.3 230.7
2008_004950 0.013 86.0 175.5 149.5 227.3
2008_004966 0.015 -10.8 103.9 193.5 323.5
2008_004966 0.013 304.8 60.8 411.4 159.6
2008_004966 0.011 287.1 4.1 445.9 127.5
2008_004966 0.011 309.6 -16.6 494.5 77.4
2008_004966 0.010 165.5 2.1 310.4 56.1
2008_004966 0.010 -6.7 -12.3 339.1 102.1
2008_004969 0.114 -10.8 30.3 307.3 195.3
2008_004977 0.022 47.2 167.0 263.3 373.8
2008_004983 0.055 -7.2 199.2 292.4 515.7
2008_005000 0.074 18.2 159.5 237.2 324.1
2008_005006 0.013 246.8 55.7 358.9 218.2
2008_005006 0.011 162.2 106.2 293.5 287.9
2008_005033 0.031 47.3 251.2 493.5 401.9
2008_005033 0.013 167.4 -10.0 522.5 273.8
2008_005078 0.013 -0.3 0.3 148.3 152.5
2008_005081 0.013 121.9 75.6 390.5 301.6
2008_005090 0.020 39.0 331.2 86.5 416.7
2008_005090 0.013 110.2 315.6 141.8 346.2
2008_005090 0.011 52.8 316.3 91.7 342.5
2008_005094 0.013 115.5 49.4 387.4 368.5
2008_005150 0.027 145.8 163.2 308.9 400.6
2008_005159 0.024 56.5 170.1 103.7 212.3
2008_005174 0.429 56.0 -6.3 499.0 327.0
2008_005221 0.059 173.5 98.5 243.6 180.4
2008_005221 0.047 249.6 84.6 318.8 172.8
2008_005221 0.017 223.9 92.0 293.4 174.2
2008_005247 0.027 87.9 -2.1 489.2 350.3
2008_005269 0.565 126.0 0.2 356.1 193.8
2008_005269 0.143 78.1 6.8 405.2 327.7
2008_005269 0.012 129.6 -3.8 355.5 86.1
2008_005269 0.011 261.9 -1.3 386.9 123.2
2008_005296 0.031 21.2 -7.9 346.1 147.1
2008_005303 0.014 0.9 125.9 518.5 211.2
2008_005331 0.013 53.9 21.4 491.8 301.4
2008_005342 0.011 6.8 59.9 185.6 197.5
2008_005357 0.021 28.3 146.0 84.9 195.9
2008_005362 0.011 34.2 13.0 490.0 364.7
2008_005363 0.013 69.1 198.9 439.7 384.8
2008_005375 0.017 196.7 130.4 488.7 364.3
2008_005396 0.494 235.5 157.0 347.6 283.2
2008_005396 0.015 259.5 144.0 343.3 235.6
2008_005396 0.013 230.1 151.8 356.7 202.4
2008_005396 0.011 302.5 106.6 362.1 221.0
2008_005396 0.010 227.2 156.9 293.7 265.2
2008_005396 0.010 230.5 133.0 362.1 178.7
2008_005412 0.899 25.1 12.7 470.7 361.8
2008_005412 0.015 212.1 -6.8 447.3 171.3
2008_005412 0.013 52.9 -7.8 472.9 115.8
2008_005412 0.011 27.1 -8.1 276.2 162.3
2008_005414 0.098 46.5 2.1 497.9 347.4
2008_005415 0.121 1.6 0.6 507.1 328.8
2008_005496 0.013 119.3 218.5 163.4 266.0
2008_005502 0.455 216.4 108.9 389.2 255.8
2008_005502 0.013 234.3 107.7 380.8 172.1
2008_005502 0.012 283.6 106.0 379.3 215.7
2008_005502 0.012 206.8 208.9 386.1 260.0
2008_005519 0.213 344.2 28.5 419.8 126.8
2008_005519 0.026 28.2 199.0 86.6 231.9
2008_005519 0.025 370.6 46.2 437.9 136.2
2008_005519 0.013 345.8 79.6 385.1 128.7
2008_005519 0.013 335.3 54.1 396.6 151.6
2008_005519 0.012 359.6 102.9 396.7 135.6
2008_005519 0.012 361.1 16.9 443.7 105.2
2008_005519 0.011 382.9 177.8 450.9 324.8
2008_005519 0.011 407.7 9.7 469.1 112.3
2008_005519 0.011 390.9 99.9 430.2 153.5
2008_005523 0.014 65.3 94.9 488.6 328.1
2008_005536 0.023 18.1 49.3 427.4 457.8
2008_005536 0.021 5.2 409.8 43.3 452.1
2008_005558 0.023 168.4 117.2 247.4 226.9
2008_005558 0.010 298.9 441.4 336.0 498.5
2008_005569 0.918 149.9 139.5 349.1 279.1
2008_005569 0.010 283.0 183.2 341.7 295.6
2008_005593 0.029 16.0 71.5 331.8 484.1
2008_005600 0.175 14.7 18.5 336.3 443.9
2008_005600 0.018 16.2 251.7 340.7 491.3
2008_005600 0.017 97.5 403.3 331.3 500.1
2008_005623 0.013 -2.6 290.0 68.9 375.3
2008_005634 0.018 129.4 16.8 338.2 349.4
2008_005679 0.021 200.6 186.5 279.3 250.6
2008_005679 0.010 318.0 149.2 364.8 184.0
2008_005719 0.030 112.2 5.4 241.0 130.6
2008_005719 0.015 8.8 236.0 252.7 482.9
2008_005747 0.933 100.2 11.8 455.7 281.2
2008_005752 0.971 143.6 43.8 496.6 299.5
2008_005757 0.098 245.1 127.7 298.0 172.6
2008_005757 0.014 215.1 117.0 292.6 178.4
2008_005767 0.059 18.5 38.7 472.9 339.0
2008_005800 0.030 223.3 15.1 458.5 280.4
2008_005839 0.013 13.0 26.2 466.8 295.9
2008_005845 0.101 76.1 8.2 498.8 361.1
2008_005850 0.025 430.9 129.0 502.0 200.4
2008_005891 0.102 116.7 22.1 415.6 324.1
2008_005897 0.011 4.1 111.7 155.0 341.0
2008_005916 0.020 2.3 53.2 427.7 368.6
2008_005926 0.018 1.3 1.0 73.1 108.9
2008_005937 0.932 7.8 96.4 349.9 493.1
2008_005960 0.069 49.5 3.9 445.5 376.8
2008_005968 0.034 7.4 55.6 375.2 508.1
2008_005976 0.015 18.5 1.0 242.7 173.2
2008_006004 0.052 66.1 319.5 237.7 490.9
2008_006004 0.028 144.7 140.7 291.2 334.3
2008_006004 0.017 84.1 121.3 367.1 450.3
2008_006014 0.030 96.4 208.7 131.6 277.3
2008_006014 0.015 32.7 -13.8 291.3 127.4
2008_006085 0.063 29.5 174.7 324.8 500.6
2008_006102 0.095 377.2 192.4 496.5 249.9
2008_006111 0.014 -1.1 187.3 89.4 261.8
2008_006119 0.011 152.5 162.2 204.7 200.8
2008_006182 0.397 4.5 55.1 258.1 364.2
2008_006194 0.043 39.1 65.2 230.2 259.6
2008_006194 0.022 246.9 152.0 399.6 258.9
2008_006224 0.013 1.7 61.1 359.5 492.3
2008_006250 0.060 454.1 93.5 501.1 138.6
2008_006250 0.032 449.1 61.1 496.7 162.0
2008_006280 0.057 45.8 9.8 374.6 285.6
2008_006331 0.243 26.8 -6.3 476.2 358.5
2008_006331 0.019 201.9 6.4 478.6 246.3
2008_006355 0.013 39.7 64.3 333.4 332.3
2008_006373 0.796 4.0 58.3 257.7 303.9
2008_006400 0.062 94.0 13.3 473.9 327.9
2008_006400 0.014 256.0 20.1 454.0 286.9
2008_006417 0.620 143.6 99.9 358.7 295.4
2008_006417 0.013 159.8 86.5 206.7 125.8
2008_006421 0.038 224.1 5.1 494.3 250.0
2008_006421 0.010 12.0 34.5 292.6 341.1
2008_006430 0.013 140.6 282.1 241.9 337.6
2008_006434 0.024 14.2 9.9 493.9 369.5
2008_006447 0.725 59.6 22.3 428.3 267.1
2008_006447 0.015 77.9 42.3 404.8 164.8
2008_006447 0.012 269.4 38.7 402.7 161.6
2008_006447 0.010 210.2 27.6 438.6 217.4
2008_006461 0.030 -0.2 17.5 353.2 276.8
2008_006470 0.025 6.6 25.0 480.7 323.7
2008_006491 0.014 103.7 222.2 145.6 300.3
2008_006491 0.011 42.4 61.0 214.3 201.2
2008_006506 0.012 17.0 61.1 330.8 140.4
2008_006506 0.011 -9.3 -13.4 344.2 104.5
2008_006506 0.011 149.4 76.2 331.1 228.3
2008_006511 0.041 -4.4 78.2 75.6 210.7
2008_006512 0.789 126.9 93.0 359.6 260.7
2008_006512 0.013 276.1 93.2 342.5 221.5
2008_006561 0.010 268.9 62.1 345.2 122.8
2008_006579 0.017 12.4 173.2 483.1 361.6
2008_006586 0.079 82.3 41.2 364.9 488.2
2008_006598 0.016 71.9 34.8 432.1 331.0
2008_006613 0.022 91.1 388.9 276.5 484.4
2008_006613 0.010 105.2 50.2 266.5 479.9
2008_006625 0.065 20.6 -9.0 437.0 373.4
2008_006637 0.111 4.6 -1.3 496.6 366.1
2008_006641 0.868 234.1 -10.6 481.7 318.2
2008_006641 0.296 6.2 -2.5 254.5 332.5
2008_006645 0.027 48.0 55.8 447.7 369.7
2008_006645 0.024 286.3 87.9 407.5 141.6
2008_006645 0.013 53.6 47.9 463.4 192.2
2008_006654 0.101 302.6 148.0 449.8 356.2
2008_006691 0.151 36.4 25.6 297.7 204.5
2008_006712 0.013 7.8 15.4 299.3 405.9
2008_006715 0.041 1.5 27.9 42.1 100.2
2008_006728 0.173 59.5 -0.3 228.0 143.2
2008_006730 0.019 -2.7 7.1 334.5 469.7
2008_006733 0.047 109.2 8.9 446.4 361.5
2008_006750 0.012 321.2 150.4 397.6 251.7
2008_006762 0.020 51.0 156.1 466.1 340.8
2008_006764 0.199 24.3 -0.2 257.0 243.0
2008_006764 0.012 47.3 18.9 195.1 185.6
2008_006785 0.010 194.8 171.3 307.5 282.9
2008_006802 0.026 13.1 128.8 273.0 314.8
2008_006827 0.017 102.6 115.9 162.5 219.7
2008_006832 0.013 36.4 13.1 471.2 350.1
2008_006843 0.012 111.1 20.5 400.8 345.1
2008_006843 0.011 -2.2 -8.0 323.5 258.2
2008_006865 0.036 268.7 315.9 349.4 386.3
2008_006865 0.015 147.1 244.8 260.4 403.4
2008_006872 0.050 49.6 9.3 496.2 365.6
2008_006898 0.032 6.1 55.8 286.7 359.7
2008_006902 0.342 48.5 71.5 367.6 416.0
2008_006902 0.015 134.6 276.6 366.4 407.0
2008_006902 0.011 110.6 78.1 313.5 284.3
2008_006902 0.010 0.1 272.6 30.0 359.4
2008_006933 0.016 386.3 60.8 468.4 145.1
2008_006950 0.011 5.3 1.8 465.2 278.3
2008_006954 0.070 -5.9 2.1 501.7 189.8
2008_006969 0.085 -7.5 9.2 487.0 277.2
2008_006969 0.013 -9.9 171.4 523.5 331.6
2008_007028 0.013 13.9 19.3 234.5 498.9
2008_007028 0.012 120.1 121.4 175.1 201.0
2008_007030 0.030 47.2 77.1 375.5 452.1
2008_007039 0.030 143.2 47.2 392.5 383.3
2008_007039 0.016 228.1 37.1 382.8 284.7
2008_007043 0.056 384.1 4.7 499.0 64.5
2008_007054 0.021 162.2 145.9 489.1 374.5
2008_007058 0.072 250.7 130.9 329.1 229.1
2008_007058 0.064 186.9 137.4 272.0 220.8
2008_007058 0.040 218.9 138.2 295.9 233.3
2008_007058 0.017 177.1 132.1 241.3 202.6
2008_007058 0.012 391.9 126.7 450.6 243.4
2008_007058 0.011 296.6 130.8 361.8 230.7
2008_007058 0.010 332.5 113.0 388.9 221.7
2008_007095 0.019 8.2 34.4 504.0 361.1
2008_007097 0.011 274.3 204.8 467.5 343.3
2008_007098 0.727 51.0 87.0 179.9 220.5
2008_007098 0.028 0.6 85.4 64.5 204.1
2008_007098 0.011 -4.1 65.6 46.9 169.8
2008_007098 0.010 4.2 42.2 66.1 137.0
2008_007098 0.010 -0.8 27.8 33.0 103.5
2008_007118 0.017 248.3 140.2 292.8 182.1
2008_007146 0.010 270.4 116.8 338.8 228.2
2008_007169 0.028 8.8 33.1 481.1 313.4
2008_007179 0.028 59.9 -10.1 459.2 370.2
2008_007179 0.023 13.3 10.4 240.3 378.8
2008_007201 0.149 29.4 30.5 420.6 377.1
2008_007205 0.037 247.8 196.1 314.8 244.4
2008_007205 0.016 248.0 200.8 316.6 293.9
2008_007211 0.016 158.2 98.2 230.1 172.3
2008_007226 0.013 54.9 55.8 286.3 479.0
2008_007236 0.016 20.2 1.0 407.6 373.0
2008_007237 0.012 180.4 266.9 301.3 353.0
2008_007281 0.036 174.7 20.9 493.9 256.7
2008_007312 0.042 260.7 315.6 328.2 369.3
2008_007320 0.030 205.7 100.9 274.7 195.2
2008_007343 0.034 32.5 146.6 465.9 358.5
2008_007397 0.020 63.6 66.8 430.3 367.3
2008_007397 0.011 40.4 23.6 255.8 248.2
2008_007421 0.037 212.3 111.3 256.2 184.2
2008_007421 0.028 354.5 109.7 419.3 166.9
2008_007421 0.013 332.2 110.6 418.7 222.8
2008_007442 0.010 331.0 70.5 488.4 222.8
2008_007472 0.079 66.9 5.9 482.3 399.4
2008_007477 0.156 87.6 138.1 231.6 297.0
2008_007477 0.124 248.9 136.3 359.7 214.2
2008_007504 0.021 94.5 90.9 133.5 120.2
2008_007509 0.572 30.8 13.2 344.5 455.7
2008_007509 0.011 28.9 254.2 328.1 487.6
2008_007510 0.048 231.2 247.8 262.9 302.7
2008_007511 0.022 169.7 -2.7 231.9 77.6
2008_007524 0.088 18.5 11.2 462.5 359.2
2008_007556 0.016 4.9 53.3 74.4 159.0
2008_007556 0.012 118.4 108.6 186.7 200.2
2008_007584 0.965 41.2 191.3 322.7 486.8
2008_007584 0.014 260.9 205.6 358.4 400.3
2008_007584 0.011 99.5 95.7 284.3 199.9
2008_007584 0.011 -12.6 222.9 66.0 468.7
2008_007621 0.020 25.3 11.1 449.9 301.3
2008_007621 0.010 287.0 10.1 516.4 190.9
2008_007682 0.819 165.5 10.4 366.9 360.6
2008_007682 0.109 -1.9 182.9 183.5 455.3
2008_007682 0.044 169.0 157.5 310.0 309.3
2008_007682 0.024 173.6 236.2 290.0 316.4
2008_007682 0.014 167.3 198.2 349.4 364.1
2008_007692 0.077 54.9 59.7 335.9 374.0
2008_007710 0.076 4.1 248.6 359.2 496.0
2008_007724 0.024 23.0 23.1 339.4 438.5
2008_007748 0.070 6.6 17.5 469.1 299.0
2008_007770 0.013 9.9 62.5 386.4 484.6
2008_007788 0.015 201.7 116.9 498.8 368.0
2008_007789 0.066 -14.6 85.2 476.4 169.2
2008_007789 0.017 -6.5 71.0 466.0 129.5
2008_007805 0.069 57.2 285.6 435.5 372.7
2008_007805 0.067 132.9 9.6 321.5 207.1
2008_007805 0.011 136.9 135.6 291.2 221.8
2008_007812 0.165 6.4 -5.1 367.8 475.2
2008_007833 0.028 23.2 5.8 194.4 139.5
2008_007833 0.021 42.9 40.3 303.8 236.6
2008_007840 0.011 14.7 145.1 510.0 265.5
2008_007877 0.031 275.6 425.5 334.9 510.4
2008_007882 0.062 -0.7 56.7 383.1 293.7
2008_007891 0.044 107.5 101.1 299.1 410.1
2008_007913 0.119 169.3 74.9 353.3 320.8
2008_007913 0.029 -5.6 121.9 195.5 361.4
2008_007913 0.018 280.4 52.9 506.1 361.4
2008_007941 0.686 8.7 154.4 132.3 302.2
2008_007941 0.016 18.6 198.1 210.6 313.8
2008_007941 0.013 73.9 187.1 154.6 297.6
2008_007962 0.015 320.8 190.1 501.8 492.2
2008_007969 0.126 30.7 257.4 296.7 369.6
2008_007990 0.012 5.8 -0.6 229.2 314.9
2008_007997 0.144 177.7 123.8 287.6 211.8
2008_007997 0.011 182.4 126.7 262.8 177.8
2008_008004 0.032 95.7 249.5 320.8 351.4
2008_008004 0.018 90.7 47.1 265.7 284.7
2008_008004 0.013 83.4 189.2 297.9 286.3
2008_008012 0.028 55.4 6.1 464.2 357.5
2008_008018 0.065 -1.8 14.3 170.6 280.6
2008_008020 0.878 274.1 37.7 378.6 145.7
2008_008020 0.019 299.9 49.2 428.2 160.2
2008_008020 0.014 352.4 37.7 413.3 150.9
2008_008048 0.014 29.9 -2.5 461.1 387.3
2008_008074 0.035 57.6 64.9 426.2 336.9
2008_008083 0.012 1.2 251.0 40.6 318.3
2008_008097 0.018 13.0 -1.5 264.5 436.6
2008_008098 0.304 6.2 25.0 498.7 365.5
2008_008098 0.020 216.3 28.1 300.2 70.5
2008_008112 0.030 46.0 25.0 468.8 315.8
2008_008152 0.171 0.3 135.9 85.7 373.3
2008_008152 0.032 162.8 274.6 243.2 353.1
2008_008152 0.021 227.3 169.6 263.8 214.3
2008_008152 0.015 22.8 177.3 97.6 334.5
2008_008170 0.026 7.9 87.3 258.8 334.4
2008_008176 0.015 60.3 66.6 444.8 337.4
2008_008193 0.014 105.1 229.5 156.7 271.8
2008_008199 0.041 -0.1 -8.7 505.7 375.2
2008_008206 0.087 16.5 60.5 483.4 297.4
2008_008274 0.068 1.3 72.5 324.4 394.2
2008_008275 0.031 133.5 179.8 213.5 256.4
2008_008275 0.030 227.1 173.3 301.6 259.8
2008_008276 0.275 98.2 58.1 286.3 230.0
2008_008288 0.011 97.4 39.9 346.5 498.3
2008_008321 0.038 438.3 169.2 496.3 285.5
2008_008321 0.031 415.1 181.1 477.9 278.7
2008_008321 0.018 404.2 169.9 489.4 241.4
2008_008321 0.016 367.5 190.5 462.3 252.0
2008_008321 0.013 374.7 310.6 457.3 377.5
2008_008321 0.011 466.7 166.3 513.0 271.9
2008_008325 0.012 -9.2 9.8 327.7 380.0
2008_008344 0.011 18.2 9.5 483.6 439.8
2008_008366 0.040 1.0 55.3 381.4 287.1
2008_008384 0.012 113.3 11.2 505.0 338.9
2008_008416 0.100 4.2 -21.1 298.2 218.9
2008_008416 0.013 273.6 2.3 412.3 130.7
2008_008447 0.013 367.9 -16.4 534.2 158.8
2008_008447 0.010 356.6 34.9 419.0 165.1
2008_008455 0.025 38.0 270.8 107.2 337.6
2008_008464 0.098 56.6 38.2 489.8 376.6
2008_008480 0.012 171.6 139.1 255.2 203.9
2008_008508 0.063 41.5 6.9 476.8 309.7
2008_008508 0.014 241.9 48.6 473.5 297.1
2008_008508 0.011 -3.0 -4.1 496.9 114.2
2008_008550 0.011 312.7 122.3 412.8 169.8
2008_008608 0.018 16.0 10.1 494.2 318.1
2008_008624 0.017 6.3 116.6 448.8 196.7
2008_008666 0.017 272.5 30.8 508.5 373.4
2008_008685 0.016 66.1 22.8 500.7 364.3
2008_008696 0.014 24.7 49.6 347.2 426.9
2008_008707 0.986 124.5 50.6 366.4 271.8
2008_008707 0.019 271.5 -3.6 507.5 62.7
2008_008707 0.014 293.9 42.8 505.5 231.9
2008_008725 0.041 7.4 11.2 390.7 501.0
2008_008725 0.034 267.1 36.4 506.2 474.8
2008_008725 0.010 286.8 237.0 490.4 375.8
2008_008757 0.056 -1.3 12.4 493.1 256.2
2009_000040 0.023 -3.8 36.0 352.0 490.2
2009_000058 0.011 218.5 121.4 278.3 201.3
2009_000091 0.049 15.2 69.4 311.1 334.5
2009_000109 0.016 91.2 15.7 388.7 295.2
2009_000119 0.010 220.7 318.9 334.4 491.6
2009_000122 0.659 51.4 80.2 286.1 324.6
2009_000133 0.059 376.0 152.1 498.3 244.9
2009_000133 0.019 15.3 89.2 230.4 270.2
2009_000133 0.018 17.0 207.6 85.4 259.0
2009_000133 0.017 257.5 150.9 511.7 331.4
2009_000133 0.011 386.4 130.5 495.0 197.9
2009_000133 0.010 172.7 91.2 230.0 209.1
2009_000161 0.010 412.5 243.7 488.6 300.1
2009_000164 0.014 190.8 267.2 262.0 334.2
2009_000164 0.011 58.2 193.8 137.1 247.4
2009_000203 0.340 435.7 127.2 497.9 244.0
2009_000203 0.012 462.4 140.3 504.7 252.6
2009_000248 0.065 100.7 91.2 509.7 354.1
2009_000339 0.031 438.6 137.1 491.4 296.0
2009_000339 0.021 362.4 168.3 444.8 289.7
2009_000339 0.018 440.0 56.3 495.9 214.0
2009_000339 0.013 406.7 106.5 498.5 327.3
2009_000339 0.013 122.3 145.0 278.0 203.4
2009_000339 0.013 475.5 121.6 510.5 269.1
2009_000377 0.046 135.4 21.0 370.0 231.2
2009_000438 0.054 27.8 73.6 358.0 429.0
2009_000439 0.011 70.8 -5.0 501.1 89.7
2009_000504 0.957 9.0 92.4 215.1 326.1
2009_000504 0.146 181.1 5.3 459.2 216.7
2009_000504 0.030 92.7 24.9 441.9 335.4
2009_000544 0.010 281.5 169.9 325.3 211.5
2009_000547 0.023 133.0 70.0 361.2 301.3
2009_000553 0.011 -6.6 13.1 493.2 202.4
2009_000557 0.025 65.5 267.2 516.5 436.8
2009_000560 0.014 64.1 71.3 102.3 118.3
2009_000585 0.012 110.8 43.9 387.9 286.1
2009_000585 0.011 -0.8 106.5 98.9 281.3
2009_000599 0.129 255.8 206.3 293.8 264.6
2009_000599 0.059 59.8 254.6 118.1 326.8
2009_000599 0.047 288.3 258.8 330.8 329.1
2009_000599 0.047 116.0 153.6 161.3 185.2
2009_000599 0.043 233.2 140.0 325.2 212.8
2009_000599 0.021 109.2 147.8 181.1 204.8
2009_000599 0.013 13.8 222.8 50.6 285.9
2009_000599 0.012 191.8 143.0 291.5 212.9
2009_000599 0.011 252.8 160.7 321.5 242.9
2009_000599 0.011 209.8 125.0 320.4 186.2
2009_000599 0.010 259.9 192.3 319.4 269.8
2009_000655 0.020 73.4 4.0 506.0 471.8
2009_000663 0.019 183.8 108.0 229.7 151.9
2009_000672 0.098 21.1 -8.7 284.4 265.3
2009_000686 0.044 408.1 84.8 466.8 174.4
2009_000686 0.016 321.4 181.0 402.8 255.5
2009_000745 0.044 15.1 6.0 496.2 365.9
2009_000750 0.021 25.5 -8.4 346.5 131.6
2009_000789 0.037 48.1 77.9 287.8 298.7
2009_000790 0.206 -0.1 -13.2 259.6 435.7
2009_000790 0.040 230.6 68.7 376.0 492.6
2009_000790 0.031 41.4 -1.5 229.4 267.2
2009_000790 0.016 6.7 36.9 192.8 202.1
2009_000790 0.014 15.1 -10.6 373.8 152.4
2009_000790 0.012 79.3 88.0 201.5 277.9
2009_000790 0.011 173.4 14.9 351.2 284.6
2009_000815 0.016 16.9 13.6 474.1 348.7
2009_000848 0.977 88.9 12.3 239.0 182.0
2009_000848 0.036 101.2 37.8 182.1 97.9
2009_000848 0.012 246.5 28.0 379.0 173.3
2009_000848 0.012 99.8 18.3 233.7 83.6
2009_000848 0.011 193.7 26.2 252.7 142.0
2009_000848 0.011 14.2 16.5 189.4 165.4
2009_000848 0.010 126.1 12.7 384.7 204.0
2009_000854 0.029 86.4 340.9 263.6 491.6
2009_000854 0.011 68.3 315.2 130.6 447.2
2009_000854 0.010 155.1 366.6 261.9 455.9
2009_000895 0.015 351.5 362.4 460.3 436.4
2009_000915 0.024 31.3 5.1 329.6 154.5
2009_000927 0.010 12.4 16.7 485.8 346.1
2009_000945 0.590 35.1 49.7 361.8 492.3
2009_000945 0.017 40.9 20.5 344.9 234.5
2009_000961 0.126 8.4 95.9 278.8 508.9
2009_000967 0.023 3.6 138.6 263.9 215.9
2009_001013 0.156 299.4 162.9 384.7 226.6
2009_001013 0.154 3.6 137.3 126.3 255.5
2009_001013 0.086 120.0 125.5 269.7 260.7
2009_001013 0.021 385.8 106.4 451.2 207.7
2009_001013 0.020 352.9 158.5 422.2 227.9
2009_001013 0.015 383.2 148.1 445.2 232.0
2009_001013 0.012 368.6 87.9 472.2 158.6
2009_001013 0.012 359.0 112.7 420.7 213.3
2009_001040 0.034 13.6 25.6 468.7 371.1
2009_001052 0.012 23.4 43.4 468.1 225.8
2009_001068 0.037 52.6 28.7 255.7 367.1
2009_001068 0.018 7.2 -15.4 302.3 155.9
2009_001068 0.015 4.3 2.3 92.3 274.5
2009_001129 0.021 13.3 -8.2 342.4 142.8
2009_001152 0.017 397.5 51.8 445.2 91.6
2009_001159 0.262 3.0 34.8 495.2 372.6
2009_001172 0.016 82.0 109.9 449.3 239.6
2009_001177 0.012 468.3 184.4 501.2 259.0
2009_001197 0.040 14.7 28.0 497.0 331.1
2009_001205 0.011 13.4 85.3 322.2 421.9
2009_001217 0.019 89.5 11.2 148.0 66.1
2009_001217 0.019 239.9 224.2 325.9 291.6
2009_001230 0.047 -8.6 -2.5 420.0 365.4
2009_001236 0.013 15.2 61.3 323.0 409.0
2009_001238 0.988 80.0 -6.0 332.2 171.6
2009_001238 0.032 14.8 150.8 498.0 271.7
2009_001270 0.015 173.7 125.9 418.8 272.6
2009_001339 0.012 -0.2 -5.0 272.1 327.8
2009_001339 0.011 301.7 37.9 495.6 327.1
2009_001357 0.030 139.0 20.4 342.4 383.8
2009_001359 0.033 132.9 240.4 327.9 505.2
2009_001376 0.043 5.1 237.9 356.2 502.2
2009_001390 0.044 207.6 157.6 253.3 203.3
2009_001435 0.017 133.9 45.4 360.4 361.9
2009_001443 0.016 40.6 171.8 222.0 237.4
2009_001450 0.013 129.6 5.5 375.9 255.0
2009_001457 0.641 1.0 3.7 471.9 122.8
2009_001457 0.026 255.3 4.2 501.2 120.0
2009_001457 0.011 231.7 10.6 364.6 81.6
2009_001466 0.099 37.7 28.7 477.9 377.6
2009_001466 0.013 51.8 253.2 524.2 403.4
2009_001494 0.018 102.3 273.3 166.5 378.7
2009_001508 0.040 2.3 53.3 443.4 330.4
2009_001517 0.953 152.7 34.3 402.9 241.4
2009_001546 0.581 -1.9 2.6 507.7 360.5
2009_001553 0.324 204.6 227.6 289.9 320.5
2009_001553 0.017 244.7 210.8 318.7 336.2
2009_001553 0.011 195.0 251.9 277.6 358.2
2009_001567 0.075 43.0 87.3 112.2 139.4
2009_001567 0.036 -3.5 89.6 60.1 157.4
2009_001567 0.023 17.0 9.9 106.9 109.8
2009_001567 0.016 6.8 34.0 70.6 135.1
2009_001567 0.012 39.2 61.1 95.2 154.2
2009_001567 0.012 61.9 74.2 137.7 145.1
2009_001567 0.011 214.4 8.3 288.1 114.4
2009_001567 0.010 4.7 164.9 152.2 377.0
2009_001595 0.023 102.7 25.1 431.1 364.9
2009_001640 0.010 117.2 64.4 372.9 336.6
2009_001651 0.074 139.9 113.8 234.4 179.1
2009_001651 0.027 279.8 133.9 399.3 179.4
2009_001660 0.023 3.7 160.1 420.9 331.3
2009_001664 0.013 268.9 93.6 371.0 279.2
2009_001704 0.052 86.3 0.6 500.8 313.5
2009_001770 0.040 68.2 -1.6 367.1 487.1
2009_001792 0.015 33.3 52.0 495.5 285.7
2009_001800 0.025 63.7 73.0 104.4 127.4
2009_001809 0.018 6.8 38.3 337.9 491.2
2009_001812 0.803 25.2 -2.8 494.9 345.4
2009_001812 0.088 27.3 260.9 146.5 349.4
2009_001812 0.017 -2.8 13.0 247.2 352.4
2009_001812 0.016 95.6 166.0 439.6 380.4
2009_001812 0.012 199.8 31.7 473.9 248.8
2009_001812 0.011 84.9 8.9 437.6 191.0
2009_001831 0.031 24.9 83.8 484.8 361.9
2009_001847 0.112 54.4 2.8 450.2 330.1
2009_001871 0.011 44.3 30.0 130.2 85.0
2009_001888 0.044 11.4 10.8 491.6 333.1
2009_001894 0.039 33.1 30.1 463.0 371.6
2009_001910 0.016 14.4 85.0 339.7 260.9
2009_001917 0.024 303.0 101.2 370.0 195.9
2009_001922 0.018 116.7 29.1 454.9 292.8
2009_001926 0.476 76.9 6.8 451.3 222.0
2009_001926 0.021 115.5 74.1 413.9 193.5
2009_001926 0.016 68.8 150.0 159.3 218.2
2009_001926 0.011 60.1 139.0 355.9 251.5
2009_001926 0.010 45.2 127.9 221.7 275.6
2009_001926 0.010 151.1 110.0 317.8 173.6
2009_001959 0.033 71.0 36.8 473.7 319.6
2009_001960 0.061 75.7 69.3 457.9 247.5
2009_001994 0.027 103.5 -2.0 276.4 461.8
2009_002040 0.153 6.5 24.0 347.6 507.8
2009_002044 0.031 178.4 39.4 251.8 99.3
2009_002060 0.918 288.4 131.4 389.1 197.1
2009_002060 0.016 255.4 37.2 398.9 163.1
2009_002060 0.012 281.0 87.3 398.3 220.0
2009_002060 0.010 437.0 30.4 499.7 156.8
2009_002064 0.012 34.3 154.5 83.1 240.0
2009_002077 0.012 7.5 160.8 234.3 497.6
2009_002093 0.654 157.1 128.5 359.4 264.3
2009_002093 0.149 215.3 97.5 445.6 267.5
2009_002093 0.085 330.2 84.6 473.6 283.1
2009_002093 0.038 211.3 132.6 343.3 226.2
2009_002093 0.037 178.7 93.4 389.5 210.5
2009_002093 0.026 416.3 122.0 480.2 241.5
2009_002093 0.025 360.0 218.2 476.8 364.0
2009_002093 0.023 385.0 118.6 453.1 238.4
2009_002093 0.022 347.4 232.8 426.8 330.2
2009_002093 0.022 287.3 58.8 419.9 246.8
2009_002093 0.022 367.0 97.6 492.1 226.6
2009_002093 0.021 120.6 106.3 392.9 361.0
2009_002093 0.020 370.1 213.9 456.3 295.1
2009_002093 0.020 236.0 28.5 475.0 215.0
2009_002093 0.019 382.0 158.3 499.1 300.8
2009_002093 0.019 442.2 122.9 498.1 248.7
2009_002093 0.015 268.9 108.5 338.9 218.5
2009_002093 0.015 357.4 119.4 424.0 238.1
2009_002093 0.015 179.2 52.5 419.7 161.0
2009_002093 0.014 329.3 196.2 453.6 319.2
2009_002093 0.013 237.9 159.9 352.2 251.3
2009_002093 0.013 375.5 167.6 462.7 254.4
2009_002093 0.013 316.8 214.2 400.4 288.0
2009_002093 0.012 223.4 103.3 329.7 170.7
2009_002093 0.012 298.3 104.9 364.1 220.6
2009_002093 0.012 408.5 81.4 482.8 201.8
2009_002093 0.012 206.8 88.6 338.4 141.7
2009_002103 0.015 -1.4 34.6 515.0 149.1
2009_002105 0.011 126.3 25.3 473.9 362.4
2009_002120 0.015 57.2 10.1 429.6 342.2
2009_002129 0.021 76.2 77.8 376.0 198.0
2009_002145 0.011 88.0 9.2 202.8 165.1
2009_002180 0.019 220.1 33.3 265.1 80.7
2009_002216 0.011 18.5 148.4 142.7 349.5
2009_002253 0.918 95.9 108.6 220.6 218.6
2009_002253 0.012 75.5 33.2 257.7 241.3
2009_002253 0.011 122.9 40.1 387.7 297.4
2009_002254 0.020 116.6 5.8 266.5 508.9
2009_002259 0.018 19.8 93.8 433.5 324.0
2009_002264 0.010 -2.0 60.2 84.3 274.2
2009_002264 0.010 95.8 100.7 205.6 150.4
2009_002273 0.011 93.3 134.4 208.3 205.9
2009_002297 0.017 133.3 15.9 443.3 327.3
2009_002297 0.014 189.4 12.5 258.9 78.0
2009_002324 0.041 119.2 111.4 338.0 226.4
2009_002324 0.011 305.4 135.1 500.4 364.8
2009_002358 0.081 -6.4 -4.5 130.1 248.6
2009_002358 0.034 4.2 90.0 119.9 221.6
2009_002358 0.017 320.5 65.9 403.6 131.9
2009_002358 0.015 48.7 130.9 139.9 214.7
2009_002358 0.013 89.5 156.9 163.6 242.7
2009_002358 0.011 26.9 133.7 105.7 236.2
2009_002358 0.010 86.7 97.7 156.6 213.4
2009_002377 0.016 147.4 182.7 186.1 222.8
2009_002416 0.159 -10.6 14.9 496.0 359.3
2009_002438 0.012 132.4 143.4 309.5 426.0
2009_002438 0.012 191.1 43.0 277.0 134.5
2009_002448 0.015 270.9 66.9 320.0 118.4
2009_002460 0.014 33.7 3.3 160.1 76.3
2009_002504 0.040 -6.7 12.7 260.5 368.0
2009_002504 0.011 94.5 30.3 391.5 371.9
2009_002505 0.055 -5.9 2.1 373.9 455.6
2009_002514 0.012 259.5 133.8 286.5 180.9
2009_002519 0.014 224.7 51.3 433.3 287.0
2009_002530 0.052 223.7 -1.0 500.5 358.8
2009_002536 0.014 279.1 173.7 375.7 241.1
2009_002536 0.013 60.4 49.8 124.5 114.5
2009_002542 0.031 -6.6 5.2 499.4 372.3
2009_002553 0.014 388.6 170.1 489.5 242.4
2009_002556 0.024 -2.8 6.3 486.1 381.2
2009_002565 0.107 253.6 184.7 386.2 324.1
2009_002620 0.060 23.1 17.8 327.1 481.8
2009_002620 0.011 217.6 44.5 378.9 329.7
2009_002625 0.997 9.1 11.7 474.7 340.0
2009_002625 0.019 139.6 26.3 475.2 219.6
2009_002626 0.030 290.8 285.8 315.7 326.5
2009_002626 0.016 284.8 271.5 382.5 334.3
2009_002626 0.013 14.8 -2.0 404.2 393.8
2009_002671 0.085 42.8 274.7 336.0 490.7
2009_002685 0.026 337.6 111.8 438.5 161.5
2009_002728 0.034 101.3 281.0 199.0 426.5
2009_002728 0.033 107.0 62.1 339.5 347.7
2009_002728 0.030 98.7 121.5 159.4 277.7
2009_002728 0.018 76.7 346.4 186.8 489.7
2009_002728 0.017 99.5 321.0 162.1 444.8
2009_002728 0.015 80.5 318.4 186.4 399.6
2009_002728 0.015 133.6 278.3 200.5 356.2
2009_002728 0.014 -2.0 17.3 190.7 148.7
2009_002728 0.013 62.9 346.2 151.5 430.3
2009_002728 0.012 77.8 291.9 144.8 420.5
2009_002728 0.011 70.9 368.5 146.0 472.3
2009_002728 0.010 116.7 287.9 180.3 373.2
2009_002728 0.010 4.9 43.5 166.0 246.5
2009_002758 0.036 183.4 -3.2 418.7 223.5
2009_002758 0.011 380.4 -5.8 509.3 140.8
2009_002789 0.016 37.7 9.9 142.6 71.9
2009_002843 0.018 221.8 233.3 290.0 298.2
2009_002843 0.017 119.1 236.6 184.2 321.0
2009_002843 0.016 229.6 244.7 280.3 279.5
2009_002843 0.012 258.4 245.0 357.3 321.5
2009_002843 0.012 255.5 216.7 335.7 302.8
2009_002843 0.011 226.9 251.8 320.0 324.4
2009_002843 0.010 116.4 208.5 186.6 279.5
2009_002853 0.070 8.4 42.2 497.2 369.8
2009_002890 0.026 25.6 18.8 461.7 337.9
2009_002893 0.015 53.8 171.9 476.0 329.7
2009_002933 0.015 52.3 92.7 304.3 288.3
2009_002947 0.049 9.1 13.3 377.9 374.7
2009_002947 0.040 283.6 6.2 487.6 373.5
2009_002947 0.026 408.6 141.2 500.0 370.8
2009_002947 0.025 276.9 71.4 403.5 339.6
2009_002947 0.019 267.4 14.6 430.1 193.0
2009_002954 0.016 101.1 279.7 193.6 346.1
2009_002958 0.015 18.1 54.7 369.9 497.9
2009_002961 0.036 -7.7 36.1 490.9 349.6
2009_002976 0.022 5.2 62.3 80.2 234.5
2009_002976 0.011 78.2 96.7 203.2 213.7
2009_002999 0.015 39.4 54.4 298.2 454.2
2009_003035 0.095 255.2 138.6 495.4 307.5
2009_003035 0.019 8.9 332.0 83.1 361.5
2009_003035 0.016 343.8 328.2 379.4 374.2
2009_003054 0.011 103.8 159.0 249.1 488.7
2009_003067 0.014 59.9 185.4 342.7 363.3
2009_003082 0.063 74.3 17.1 387.3 382.9
2009_003090 0.019 117.8 218.9 343.8 350.1
2009_003095 0.016 283.1 32.3 325.4 64.0
2009_003108 0.011 131.6 158.8 170.3 205.6
2009_003127 0.438 -8.7 4.5 232.0 182.6
2009_003127 0.398 98.1 9.6 416.4 224.2
2009_003127 0.122 253.7 23.6 408.1 235.6
2009_003127 0.023 425.5 80.5 499.3 233.9
2009_003127 0.013 386.2 46.2 445.9 215.1
2009_003138 0.018 -3.2 2.5 507.9 451.3
2009_003147 0.011 299.6 56.6 383.3 123.7
2009_003155 0.011 7.8 31.4 92.4 464.0
2009_003157 0.011 40.2 115.5 350.1 411.1
2009_003164 0.030 -5.6 -7.3 471.5 99.3
2009_003209 0.020 243.6 279.4 422.0 317.5
2009_003219 0.040 47.7 -2.0 310.1 167.0
2009_003219 0.010 32.2 34.0 168.3 250.5
2009_003232 0.020 29.4 39.3 301.6 280.0
2009_003233 0.038 77.7 192.3 502.8 410.9
2009_003272 0.141 101.2 100.9 210.7 431.9
2009_003272 0.013 5.7 123.7 105.0 391.0
2009_003290 0.040 24.1 166.6 328.5 437.9
2009_003315 0.075 246.8 -5.1 503.4 229.4
2009_003340 0.081 -3.2 16.3 482.9 326.5
2009_003350 0.034 26.9 14.4 371.2 348.9
2009_003365 0.978 86.8 3.5 412.5 328.7
2009_003384 0.012 193.9 200.7 284.2 263.5
2009_003386 0.564 21.0 13.8 363.0 276.7
2009_003395 0.010 -2.2 -21.4 358.1 251.6
2009_003396 0.012 203.3 -2.1 336.8 500.2
2009_003416 0.016 9.9 39.2 435.0 357.5
2009_003482 0.532 34.4 14.7 486.4 328.6
2009_003520 0.011 12.9 56.2 421.5 290.1
2009_003524 0.013 -3.8 58.6 151.3 474.7
2009_003540 0.010 283.0 286.0 371.8 330.6
2009_003541 0.016 84.6 48.8 471.5 325.6
2009_003562 0.984 95.0 28.2 269.4 218.1
2009_003562 0.014 132.0 26.4 258.6 81.3
2009_003562 0.010 124.0 12.2 263.9 53.0
2009_003600 0.015 226.6 301.1 270.6 347.6
2009_003601 0.023 -2.1 6.7 495.1 330.9
2009_003613 0.061 -6.5 341.2 35.3 449.9
2009_003613 0.043 31.8 194.8 99.7 255.3
2009_003639 0.013 21.4 50.9 331.3 421.7
2009_003644 0.092 60.4 9.7 254.0 267.1
2009_003644 0.021 93.3 15.0 236.6 145.8
2009_003644 0.016 -1.9 39.2 80.3 262.4
2009_003647 0.016 326.9 244.1 372.0 280.0
2009_003652 0.075 42.1 82.8 474.7 347.5
2009_003709 0.014 65.6 31.8 462.8 312.8
2009_003743 0.027 265.0 64.2 506.5 325.8
2009_003752 0.010 130.2 67.1 390.3 326.0
2009_003799 0.011 -7.1 39.6 72.0 113.3
2009_003808 0.180 36.4 52.4 92.8 95.5
2009_003808 0.088 113.8 53.7 166.2 95.8
2009_003827 0.069 36.0 6.6 481.8 280.5
2009_003827 0.010 107.0 92.2 362.0 264.2
2009_003838 0.026 108.6 168.7 172.5 244.0
2009_003848 0.016 9.5 204.8 73.3 279.8
2009_003860 0.060 3.4 257.2 396.0 459.0
2009_003860 0.059 67.5 246.0 352.8 368.4
2009_003873 0.414 12.2 18.1 371.3 459.9
2009_003922 0.013 300.1 94.5 355.1 205.7
2009_003985 0.912 48.8 66.0 487.9 370.8
2009_004002 0.210 46.3 96.4 196.5 237.1
2009_004005 0.013 1.2 136.0 186.3 305.7
2009_004007 0.053 220.7 19.4 518.5 321.6
2009_004018 0.021 73.3 97.5 327.2 438.3
2009_004023 0.105 1.5 1.2 170.0 506.7
2009_004025 0.106 132.4 122.7 222.0 205.0
2009_004025 0.082 407.1 69.0 468.7 160.0
2009_004025 0.016 434.3 61.1 494.1 170.4
2009_004025 0.015 88.7 18.6 167.0 90.6
2009_004025 0.014 377.3 79.6 478.0 188.6
2009_004025 0.013 367.0 74.0 427.9 165.6
2009_004025 0.011 392.5 42.7 454.6 146.6
2009_004042 0.023 389.1 184.2 476.3 255.5
2009_004091 0.017 133.9 140.2 204.4 204.2
2009_004095 0.045 0.6 206.0 81.0 324.7
2009_004095 0.012 -11.6 200.9 62.5 282.1
2009_004103 0.019 16.8 83.2 327.8 492.0
2009_004105 0.014 78.5 5.8 420.1 356.4
2009_004153 0.030 49.7 12.9 491.5 219.5
2009_004174 0.010 61.5 113.0 131.5 272.2
2009_004187 0.040 12.6 23.3 465.6 358.7
2009_004200 0.032 -2.8 -6.5 486.0 340.3
2009_004202 0.011 -2.1 14.1 134.3 143.7
2009_004202 0.010 380.2 76.1 451.4 171.2
2009_004218 0.017 175.8 54.0 260.1 98.1
2009_004225 0.016 426.4 159.6 500.9 362.5
2009_004228 0.012 71.5 188.2 123.2 228.8
2009_004295 0.066 131.1 92.7 277.4 190.2
2009_004317 0.012 198.7 46.4 232.7 95.6
2009_004319 0.011 111.8 102.8 202.7 181.8
2009_004322 0.320 5.1 80.5 164.2 242.2
2009_004322 0.029 171.0 123.3 325.3 240.9
2009_004322 0.025 30.9 205.4 73.3 239.6
2009_004322 0.012 83.1 102.6 156.8 246.4
2009_004322 0.010 386.3 158.6 470.7 220.7
2009_004323 0.024 67.3 25.6 203.3 357.6
2009_004383 0.437 -2.0 10.9 511.0 347.2
2009_004397 0.098 11.0 110.0 374.8 459.5
2009_004397 0.027 101.1 76.2 364.3 183.7
2009_004397 0.020 -6.8 286.7 380.2 487.8
2009_004397 0.014 35.9 16.6 368.7 231.7
2009_004429 0.012 439.8 -1.2 502.5 75.5
2009_004432 0.033 25.2 19.2 473.5 333.0
2009_004444 0.025 1.8 27.8 346.7 248.0
2009_004446 0.078 35.3 -0.1 501.7 335.9
2009_004449 0.023 170.5 218.0 221.1 285.7
2009_004451 0.013 5.5 114.3 230.8 394.3
2009_004475 0.035 38.8 6.3 307.9 283.5
2009_004475 0.025 16.3 310.3 319.9 496.2
2009_004503 0.449 56.1 19.7 455.4 372.2
2009_004503 0.012 272.7 32.0 365.6 106.3
2009_004508 0.047 272.4 102.8 357.6 175.9
2009_004565 0.025 61.1 200.4 192.3 351.7
2009_004565 0.024 81.5 32.6 264.0 365.9
2009_004565 0.022 169.9 39.0 305.5 370.8
2009_004572 0.511 48.0 133.8 175.7 207.3
2009_004572 0.015 21.1 114.1 246.1 212.4
2009_004572 0.012 190.3 178.3 244.0 206.7
2009_004619 0.019 6.2 136.7 138.8 234.2
2009_004620 0.027 89.7 26.4 491.9 320.4
2009_004667 0.014 66.0 100.7 248.0 314.7
2009_004694 0.015 201.3 -4.6 513.6 334.6
2009_004701 0.150 220.6 121.2 266.3 163.3
2009_004701 0.012 154.1 143.3 200.5 171.0
2009_004708 0.044 99.7 41.8 476.4 294.0
2009_004728 0.017 297.4 162.0 352.8 187.4
2009_004756 0.027 14.9 24.5 447.5 333.0
2009_004760 0.018 82.3 137.2 363.7 514.0
2009_004760 0.015 261.9 236.8 365.4 429.1
2009_004764 0.322 40.6 40.4 480.8 325.4
2009_004771 0.016 54.6 47.9 437.3 206.1
2009_004771 0.014 135.9 112.3 410.2 223.2
2009_004779 0.015 2.4 28.4 139.1 229.4
2009_004790 0.089 284.5 2.4 497.2 295.5
2009_004805 0.011 24.1 11.2 301.2 488.1
2009_004817 0.011 271.4 425.7 329.4 504.5
2009_004846 0.035 14.5 89.9 164.3 258.8
2009_004846 0.029 295.8 45.8 494.1 282.7
2009_004847 0.020 56.7 -3.3 374.2 455.0
2009_004874 0.109 25.8 11.6 500.2 330.8
2009_004888 0.917 40.0 16.2 327.5 369.8
2009_004888 0.015 311.5 29.3 496.9 358.5
2009_004888 0.013 251.5 35.0 442.0 237.1
2009_004890 0.060 14.0 15.2 494.2 377.1
2009_004926 0.011 52.3 145.7 485.1 327.6
2009_004943 0.025 79.3 32.5 312.6 237.0
2009_004979 0.023 329.8 297.0 425.3 362.8
2009_004984 0.011 87.1 155.6 417.7 255.1
2009_005035 0.106 23.9 4.6 432.0 335.3
2009_005037 0.048 16.2 4.2 464.3 339.3
2009_005045 0.047 111.3 347.0 174.5 379.4
2009_005045 0.016 99.1 351.5 182.2 405.1
2009_005102 0.011 456.4 166.9 499.1 226.9
2009_005127 0.017 82.0 47.2 394.8 386.3
2009_005131 0.025 383.7 199.7 453.0 257.4
2009_005142 0.024 62.9 216.7 110.1 284.0
2009_005142 0.016 116.1 228.1 167.1 284.4
2009_005145 0.019 131.9 1.0 357.8 366.6
2009_005155 0.329 198.8 76.3 350.4 267.5
2009_005181 0.011 150.1 141.1 382.0 307.3
2010_000026 0.024 123.0 122.1 380.8 307.7
2010_000026 0.022 125.3 2.2 380.3 161.1
2010_000045 0.089 272.4 100.3 355.9 175.2
2010_000061 0.092 76.7 17.4 464.3 254.3
2010_000073 0.015 21.1 103.6 469.9 268.2
2010_000079 0.084 0.4 36.4 471.7 310.0
2010_000080 0.042 46.3 163.4 271.9 502.3
2010_000103 0.168 120.6 135.9 388.2 351.5
2010_000103 0.032 1.5 37.6 128.4 377.1
2010_000132 0.015 4.3 5.6 354.4 481.4
2010_000141 0.018 81.3 52.2 181.0 113.7
2010_000165 0.023 238.8 150.1 331.2 202.0
2010_000227 0.044 -3.3 12.2 500.3 379.8
2010_000234 0.078 10.2 40.0 252.3 492.1
2010_000249 0.035 95.9 90.7 282.6 391.8
2010_000263 0.016 442.6 84.9 494.3 229.7
2010_000263 0.015 348.9 179.6 431.9 268.2
2010_000263 0.011 478.7 84.0 512.6 227.0
2010_000303 0.062 52.6 211.7 110.1 309.1
2010_000303 0.025 59.7 232.3 91.0 305.2
2010_000303 0.019 117.8 436.6 190.4 504.8
2010_000303 0.015 321.2 288.9 374.4 448.8
2010_000303 0.010 94.4 137.5 147.4 221.7
2010_000310 0.033 8.6 5.3 496.2 372.3
2010_000337 0.035 0.6 9.5 500.8 371.8
2010_000356 0.318 85.4 36.1 278.9 238.8
2010_000356 0.148 250.6 -14.1 391.7 201.8
2010_000404 0.024 140.8 3.1 339.0 396.0
2010_000419 0.086 175.1 92.8 385.4 337.2
2010_000419 0.055 360.8 133.5 418.4 231.2
2010_000419 0.025 326.0 145.4 423.7 209.5
2010_000419 0.020 382.6 136.8 444.9 219.2
2010_000419 0.019 288.6 110.0 407.9 256.4
2010_000419 0.017 325.2 115.3 374.5 250.1
2010_000419 0.016 345.0 136.2 403.5 263.9
2010_000419 0.015 318.7 124.1 424.7 184.7
2010_000419 0.014 175.0 118.7 314.3 179.7
2010_000419 0.014 324.8 189.3 413.5 269.8
2010_000419 0.010 398.9 96.9 434.2 227.0
2010_000419 0.010 298.6 168.1 410.8 236.3
2010_000432 0.026 243.1 130.8 312.8 183.2
2010_000436 0.015 1.7 33.9 499.1 369.3
2010_000439 0.016 6.5 21.0 101.5 169.0
2010_000439 0.014 4.2 33.0 78.5 110.7
2010_000439 0.012 302.9 321.2 494.4 379.3
2010_000439 0.010 426.7 223.6 501.5 300.8
2010_000453 0.085 19.6 19.0 462.7 311.1
2010_000463 0.049 257.8 172.1 301.0 244.1
2010_000477 0.015 383.7 236.7 440.5 281.4
2010_000488 0.016 65.1 220.3 489.2 340.3
2010_000488 0.014 139.7 125.6 192.9 190.6
2010_000488 0.011 40.5 73.6 483.3 309.1
2010_000490 0.035 -1.4 4.8 497.1 353.6
2010_000511 0.029 -2.2 118.7 74.7 180.8
2010_000577 0.063 112.4 153.0 191.4 210.9
2010_000581 0.046 2.7 20.9 351.0 453.3
2010_000613 0.036 85.3 2.8 499.3 323.5
2010_000645 0.028 326.5 284.8 389.5 339.2
2010_000658 0.013 6.0 -6.4 487.8 380.5
2010_000674 0.015 383.1 68.6 469.9 119.4
2010_000681 0.026 153.5 183.7 240.4 248.4
2010_000681 0.019 -1.0 19.9 77.2 123.6
2010_000687 0.013 106.8 68.0 473.9 493.2
2010_000691 0.014 5.1 37.4 499.7 368.1
2010_000715 0.020 6.4 165.2 180.7 337.8
2010_000715 0.016 89.0 157.0 144.7 179.5
2010_000717 0.776 200.7 5.4 488.3 314.5
2010_000717 0.100 -1.8 -2.6 312.5 265.4
2010_000717 0.016 38.4 5.9 204.4 217.5
2010_000748 0.851 346.8 68.4 504.9 252.7
2010_000748 0.160 -0.9 45.7 143.8 260.8
2010_000748 0.012 361.3 65.8 500.2 119.4
2010_000799 0.017 21.0 16.0 495.5 366.3
2010_000810 0.185 322.1 160.4 400.4 229.9
2010_000810 0.023 319.2 136.5 404.4 201.4
2010_000810 0.020 81.1 261.0 209.7 372.9
2010_000810 0.020 405.7 -0.9 505.8 56.5
2010_000810 0.012 348.0 140.1 415.2 224.2
2010_000810 0.012 326.9 70.6 398.3 186.0
2010_000810 0.011 382.6 126.1 443.2 221.4
2010_000810 0.011 272.3 133.9 400.6 179.8
2010_000827 0.029 115.8 1.5 393.3 358.1
2010_000827 0.019 267.4 32.1 401.4 332.2
2010_000827 0.018 300.8 4.5 475.8 366.1
2010_000847 0.011 32.2 3.4 427.8 368.6
2010_000863 0.065 3.0 -1.0 367.3 498.2
2010_000871 0.014 47.8 3.7 412.9 332.7
2010_000887 0.032 257.6 172.3 309.7 215.0
2010_000887 0.012 259.0 89.4 327.5 162.3
2010_000891 0.292 34.7 165.8 328.5 369.5
2010_000891 0.034 21.5 179.2 180.1 370.2
2010_000891 0.027 78.6 22.9 433.0 377.9
2010_000891 0.027 -7.9 144.8 81.5 371.3
2010_000891 0.015 188.9 180.0 334.0 313.9
2010_000891 0.014 12.4 113.2 149.5 300.5
2010_000891 0.012 33.0 188.1 100.5 340.1
2010_000891 0.012 242.0 197.6 361.9 340.9
2010_000891 0.012 0.5 55.0 55.0 137.1
2010_000891 0.012 57.7 203.8 137.6 350.4
2010_000891 0.011 -46.1 168.6 128.7 289.5
2010_000891 0.011 65.9 183.2 221.1 313.3
2010_000910 0.040 63.2 139.9 120.1 204.5
2010_000910 0.031 368.2 18.1 421.9 61.4
2010_000926 0.032 5.5 57.0 148.4 263.3
2010_000971 0.018 -7.8 28.5 464.8 333.8
2010_000978 0.036 58.8 68.4 367.7 440.0
2010_000986 0.016 2.3 2.8 35.6 61.5
2010_000991 0.011 56.9 56.8 393.0 130.2
2010_001013 0.012 141.1 81.7 350.1 379.4
2010_001020 0.016 24.2 59.9 488.9 375.3
2010_001023 0.053 94.5 -7.7 496.5 361.3
2010_001087 0.014 159.6 181.1 213.2 220.4
2010_001106 0.017 168.2 254.9 202.1 303.1
2010_001112 0.011 4.5 14.0 335.6 338.6
2010_001123 0.025 -0.3 119.9 500.1 354.1
2010_001131 0.030 201.7 125.3 269.3 183.2
2010_001131 0.010 212.0 134.4 257.1 170.6
2010_001142 0.368 111.2 1.1 424.0 287.5
2010_001142 0.033 242.4 24.2 479.1 323.3
2010_001148 0.024 20.0 3.4 474.5 316.5
2010_001159 0.112 118.5 185.4 199.2 254.2
2010_001159 0.016 153.5 108.8 202.0 183.1
2010_001159 0.012 147.2 293.6 224.3 372.0
2010_001183 0.020 396.7 235.0 454.0 328.5
2010_001205 0.144 367.5 123.5 436.4 193.8
2010_001240 0.014 13.3 20.6 498.2 331.6
2010_001254 0.023 5.3 86.0 346.3 381.1
2010_001279 0.011 -5.0 -13.2 313.3 246.8
2010_001279 0.010 -1.7 -9.1 143.6 252.1
2010_001312 0.064 5.5 2.9 337.0 476.1
2010_001337 0.017 5.9 64.2 436.0 365.1
2010_001338 0.015 -0.1 34.0 511.0 356.9
2010_001390 0.248 137.4 57.0 269.6 155.8
2010_001397 0.032 151.5 181.2 242.5 254.4
2010_001397 0.012 128.3 160.7 222.1 234.0
2010_001397 0.011 155.4 210.2 249.5 289.8
2010_001397 0.011 320.5 254.7 505.9 371.1
2010_001397 0.010 63.4 118.2 125.5 227.9
2010_001401 0.027 281.7 83.2 459.1 306.9
2010_001402 0.871 4.8 16.5 499.9 362.5
2010_001434 0.015 10.2 232.3 142.4 409.8
2010_001480 0.015 5.7 -0.7 421.4 294.6
2010_001487 0.029 74.3 116.7 318.3 492.1
2010_001547 0.032 121.3 160.8 371.9 368.6
2010_001562 0.058 71.5 23.1 472.8 332.1
2010_001562 0.016 23.0 23.4 318.4 250.8
2010_001594 0.018 -0.9 125.3 58.6 235.0
2010_001596 0.103 17.2 81.0 486.5 291.1
2010_001599 0.012 102.5 216.8 217.9 281.1
2010_001608 0.061 -16.1 11.1 484.9 348.1
2010_001660 0.012 -11.2 6.6 221.5 333.9
2010_001687 0.014 29.6 51.3 301.2 504.1
2010_001729 0.844 239.4 48.0 351.3 181.2
2010_001729 0.022 201.4 48.1 263.7 169.0
2010_001729 0.018 220.0 90.1 305.6 197.6
2010_001729 0.016 234.2 124.3 337.9 207.9
2010_001729 0.013 327.8 45.4 384.9 172.8
2010_001729 0.011 194.6 99.1 271.1 202.5
2010_001759 0.010 216.5 4.4 521.8 369.1
2010_001776 0.018 413.9 184.5 499.2 248.5
2010_001794 0.028 -1.0 83.1 364.9 362.2
2010_001795 0.018 303.0 47.6 503.5 365.7
2010_001797 0.015 54.9 167.6 142.2 257.3
2010_001801 0.148 221.8 38.5 501.4 285.6
2010_001810 0.012 -0.0 61.2 141.1 303.4
2010_001842 0.039 367.8 255.3 459.1 368.5
2010_001899 0.017 149.4 60.8 486.0 337.8
2010_001940 0.013 15.3 318.2 43.7 396.7
2010_001948 0.032 4.8 15.7 472.6 273.2
2010_001974 0.012 300.5 201.9 387.6 293.4
2010_001978 0.011 355.4 325.7 404.2 371.2
2010_001993 0.077 84.6 146.0 338.0 508.5
2010_002055 0.012 218.6 134.4 257.1 169.8
2010_002070 0.030 41.0 7.6 502.0 453.5
2010_002097 0.012 262.2 42.3 496.7 260.1
2010_002107 0.075 24.3 78.7 349.7 490.3
2010_002107 0.013 270.1 14.1 377.7 189.4
2010_002136 0.027 311.8 123.7 382.8 194.1
2010_002136 0.016 397.9 23.9 504.8 157.2
2010_002143 0.961 33.3 10.6 487.0 399.8
2010_002149 0.016 -5.8 42.5 438.9 247.2
2010_002166 0.013 76.6 292.1 156.2 367.8
2010_002176 0.013 432.6 105.5 466.1 180.7
2010_002191 0.013 15.5 15.6 465.1 369.6
2010_002204 0.157 100.5 26.6 419.1 260.1
2010_002204 0.012 159.3 34.7 305.4 138.1
2010_002207 0.043 83.0 61.7 486.1 295.3
2010_002221 0.013 7.9 74.2 402.2 225.4
2010_002236 0.012 -0.7 41.9 447.5 373.4
2010_002242 0.064 5.3 -22.2 237.5 505.6
2010_002242 0.012 220.1 97.9 397.0 484.7
2010_002248 0.035 8.3 12.2 504.5 368.9
2010_002254 0.013 64.4 198.6 511.6 315.7
2010_002267 0.014 173.6 29.4 412.8 264.3
2010_002295 0.064 11.1 8.3 418.5 376.9
2010_002309 0.077 57.7 16.9 375.0 507.5
2010_002346 0.013 228.8 48.6 274.5 218.8
2010_002353 0.159 -2.2 39.3 375.3 514.3
2010_002353 0.016 7.9 63.2 364.0 275.2
2010_002378 0.013 -13.7 0.1 489.2 335.8
2010_002391 0.037 51.2 37.8 232.4 216.7
2010_002393 0.038 122.6 84.3 440.2 286.4
2010_002399 0.029 49.5 30.2 502.1 359.9
2010_002410 0.012 78.5 0.2 448.7 323.2
2010_002459 0.342 280.3 78.3 357.2 149.8
2010_002487 0.023 9.9 87.5 348.2 379.8
2010_002507 0.015 227.3 191.4 459.9 372.8
2010_002513 0.019 6.3 2.5 505.3 376.5
2010_002532 0.104 24.3 13.8 445.5 328.4
2010_002551 0.025 388.7 217.3 470.9 277.6
2010_002551 0.015 -6.9 16.6 457.8 304.6
2010_002553 0.011 41.3 101.4 270.9 202.3
2010_002570 0.053 106.0 17.3 488.6 314.8
2010_002577 0.011 31.1 16.7 422.7 335.0
2010_002592 0.073 15.9 0.7 502.8 360.1
2010_002616 0.089 -3.6 52.0 490.7 331.8
2010_002620 0.476 79.4 157.4 374.1 425.6
2010_002620 0.023 90.0 135.2 350.7 280.2
2010_002625 0.010 268.6 3.6 332.3 63.1
2010_002628 0.033 7.9 -1.0 351.6 344.0
2010_002644 0.035 3.5 1.8 280.3 245.0
2010_002644 0.019 167.4 -1.8 323.7 233.6
2010_002647 0.061 20.9 74.3 353.1 360.9
2010_002688 0.011 -1.4 87.9 367.9 505.7
2010_002692 0.028 8.0 40.7 242.2 330.8
2010_002697 0.038 78.1 -2.6 456.1 383.5
2010_002702 0.024 184.5 76.1 318.8 276.1
2010_002702 0.023 -18.2 5.4 248.5 360.7
2010_002702 0.011 49.0 30.2 403.4 356.1
2010_002708 0.994 110.4 33.9 282.3 197.0
2010_002708 0.039 406.6 29.1 491.5 134.8
2010_002708 0.012 188.7 39.6 364.8 174.3
2010_002722 0.068 13.3 31.5 368.4 497.7
2010_002760 0.013 -2.0 18.3 334.8 501.9
2010_002772 0.234 5.0 -9.2 471.6 359.6
2010_002778 0.019 3.9 0.4 447.8 424.4
2010_002786 0.021 26.3 11.1 453.2 312.0
2010_002794 0.013 180.4 92.9 367.2 322.0
2010_002813 0.020 247.1 -1.1 279.5 86.1
2010_002838 0.014 6.0 70.1 385.4 252.9
2010_002857 0.178 7.5 81.0 237.7 275.1
2010_002857 0.114 341.8 170.4 403.0 210.2
2010_002857 0.012 23.1 200.5 192.7 251.8
2010_002857 0.012 -17.5 231.6 233.3 397.5
2010_002870 0.066 49.7 77.2 469.6 257.9
2010_002884 0.024 291.1 249.4 342.4 285.8
2010_002891 0.037 69.3 40.4 486.0 297.9
2010_002892 0.025 -0.7 10.8 488.5 387.6
2010_002896 0.894 53.4 7.7 499.1 335.5
2010_002896 0.036 5.7 29.2 234.7 327.1
2010_002896 0.025 90.7 13.5 331.9 183.6
2010_002917 0.218 -10.0 52.3 495.0 257.1
2010_002917 0.015 8.5 -12.8 496.2 95.4
2010_002937 0.057 59.9 -3.4 472.1 491.1
2010_002976 0.021 62.1 178.8 124.8 240.4
2010_002978 0.015 97.3 25.2 496.9 277.3
2010_002979 0.011 -5.7 37.2 489.4 335.9
2010_003002 0.015 21.7 401.5 253.6 496.0
2010_003002 0.011 276.1 297.0 371.7 479.2
2010_003002 0.011 330.7 316.8 378.1 473.2
2010_003035 0.024 2.2 12.2 388.7 335.2
2010_003053 0.011 114.9 297.2 219.1 469.6
2010_003086 0.021 33.4 312.1 160.8 373.9
2010_003088 0.116 -0.9 10.2 336.1 469.1
2010_003093 0.072 68.8 133.0 177.4 260.8
2010_003093 0.013 52.3 139.0 160.9 202.6
2010_003093 0.013 36.7 134.4 101.0 251.5
2010_003093 0.012 123.8 141.8 201.5 243.8
2010_003117 0.028 7.2 40.4 491.4 236.7
2010_003252 0.024 141.6 55.9 198.5 93.6
2010_003252 0.010 328.5 68.3 382.4 94.5
2010_003255 0.995 13.5 144.6 334.0 485.5
2010_003255 0.044 115.0 20.0 300.2 143.7
2010_003255 0.016 87.9 85.3 318.3 171.1
2010_003255 0.012 28.0 101.9 351.0 280.2
2010_003255 0.010 13.7 20.8 187.4 140.7
2010_003290 0.022 4.8 24.8 416.8 485.2
2010_003291 0.041 18.7 10.3 498.8 142.4
2010_003301 0.011 279.1 154.3 367.8 323.5
2010_003351 0.090 -0.6 19.7 495.8 441.9
2010_003370 0.085 249.2 175.4 361.6 267.5
2010_003370 0.033 350.7 84.6 383.9 128.9
2010_003370 0.012 270.2 100.7 307.8 134.9
2010_003370 0.012 45.2 173.5 122.5 280.2
2010_003380 0.058 360.7 26.1 456.2 142.1
2010_003383 0.013 21.6 36.7 499.3 187.4
2010_003395 0.043 200.4 94.6 339.5 345.9
2010_003405 0.024 19.4 27.5 259.1 466.0
2010_003406 0.011 45.9 175.5 500.9 350.4
2010_003415 0.039 50.1 41.8 486.4 301.7
2010_003432 0.017 49.1 21.8 323.4 234.4
2010_003437 0.041 84.2 -16.9 439.1 182.3
2010_003437 0.030 326.2 16.8 411.0 77.8
2010_003437 0.016 333.5 27.2 390.4 67.2
2010_003481 0.042 6.0 32.1 479.5 381.3
2010_003526 0.012 183.8 89.5 353.6 283.9
2010_003529 0.020 14.3 28.3 338.4 337.9
2010_003556 0.066 334.7 167.9 429.1 253.2
2010_003612 0.017 4.7 27.4 258.2 281.4
2010_003634 0.023 0.4 24.2 247.2 285.0
2010_003680 0.034 35.1 72.0 354.7 488.5
2010_003689 0.061 50.4 66.6 360.9 411.5
2010_003696 0.984 50.9 0.7 363.9 293.9
2010_003714 0.028 30.3 44.3 477.3 355.2
2010_003721 0.378 17.5 -0.1 512.6 367.0
2010_003754 0.012 -8.4 218.9 466.8 371.0
2010_003837 0.249 13.5 -2.0 482.6 331.9
2010_003864 0.627 2.4 -6.3 483.6 252.9
2010_003864 0.012 3.1 -7.1 269.3 126.1
2010_003894 0.029 -1.3 -2.2 492.5 383.0
2010_003897 0.045 40.1 19.6 432.4 313.2
2010_003929 0.024 250.7 89.6 289.1 121.3
2010_003937 0.037 5.5 -9.2 511.3 372.3
2010_003937 0.010 317.3 160.3 430.6 281.7
2010_003949 0.011 13.5 61.1 242.9 495.5
2010_003949 0.010 270.5 254.5 380.9 452.6
2010_004002 0.011 3.8 217.7 45.1 283.5
2010_004014 0.012 64.2 7.1 427.6 323.2
2010_004028 0.014 15.6 241.0 81.2 293.4
2010_004061 0.011 0.9 288.4 44.2 396.0
2010_004071 0.070 131.6 378.3 185.2 466.2
2010_004071 0.013 146.9 391.5 178.6 458.0
2010_004092 0.010 201.5 202.6 298.4 291.5
2010_004109 0.122 8.7 2.1 481.3 319.3
2010_004119 0.018 290.5 239.5 376.7 337.0
2010_004121 0.012 16.3 16.0 99.8 60.1
2010_004138 0.011 -16.5 106.6 484.7 220.1
2010_004148 0.057 111.7 -16.9 415.8 253.2
2010_004148 0.012 406.4 91.9 475.6 158.3
2010_004148 0.011 139.4 271.2 274.5 315.9
2010_004171 0.018 153.3 295.8 242.9 363.6
2010_004191 0.017 128.9 87.0 379.1 212.1
2010_004216 0.015 81.7 75.6 270.1 349.1
2010_004223 0.039 73.8 -8.2 401.4 285.3
2010_004223 0.029 92.5 268.6 478.5 336.0
2010_004242 0.025 129.3 32.4 497.4 276.9
2010_004248 0.023 46.6 133.9 349.3 279.6
2010_004252 0.051 83.8 5.3 224.4 499.8
2010_004271 0.040 0.3 5.2 342.1 502.5
2010_004288 0.026 5.3 94.1 377.2 304.3
2010_004289 0.022 11.7 28.9 488.5 333.9
2010_004306 0.013 -4.9 10.6 453.4 316.6
2010_004327 0.650 84.7 6.9 476.4 334.9
2010_004365 0.046 10.5 47.7 494.4 334.9
2010_004367 0.016 75.0 139.9 139.7 212.1
2010_004370 0.535 134.8 16.3 460.4 249.3
2010_004370 0.104 0.8 26.8 164.6 254.9
2010_004370 0.030 16.6 10.0 317.4 239.0
2010_004370 0.013 3.4 25.6 153.3 134.7
2010_004373 0.017 395.5 296.4 457.9 342.9
2010_004423 0.039 272.8 5.3 504.5 339.2
2010_004423 0.012 -3.2 1.1 484.0 374.3
2010_004477 0.011 466.8 207.0 501.0 273.3
2010_004481 0.040 -6.5 19.0 504.6 301.9
2010_004492 0.218 49.5 1.6 169.9 60.3
2010_004492 0.019 285.3 6.3 469.3 57.5
2010_004492 0.015 250.5 1.1 319.1 96.7
2010_004492 0.015 182.7 0.5 318.9 108.8
2010_004492 0.013 274.0 20.7 431.1 72.2
2010_004492 0.011 233.7 110.1 487.1 368.0
2010_004492 0.010 224.1 -0.2 285.0 110.7
2010_004514 0.012 130.1 92.7 214.6 157.6
2010_004517 0.068 185.2 257.1 262.4 315.2
2010_004517 0.023 69.8 76.7 426.1 369.9
2010_004517 0.015 188.0 271.1 234.8 312.6
2010_004518 0.013 42.6 118.3 69.7 166.1
2010_004558 0.012 2.8 4.0 121.1 101.1
2010_004561 0.026 153.6 172.1 259.2 243.3
2010_004569 0.012 149.1 119.4 240.4 187.6
2010_004575 0.013 8.6 63.0 434.0 333.3
2010_004581 0.027 2.2 105.2 489.9 331.9
2010_004592 0.030 15.7 234.2 84.6 291.5
2010_004598 0.211 217.0 43.9 323.5 118.2
2010_004598 0.054 -5.9 75.8 418.9 324.3
2010_004598 0.013 148.8 48.8 373.8 123.4
2010_004598 0.011 299.0 34.9 362.2 128.5
2010_004621 0.014 4.7 22.2 504.1 306.4
2010_004646 0.011 -0.8 234.1 526.5 350.9
2010_004698 0.020 161.2 267.3 375.3 374.7
2010_004721 0.021 3.0 99.8 449.1 284.2
2010_004726 0.043 328.5 151.3 509.2 352.2
2010_004730 0.022 247.1 10.1 371.1 51.6
2010_004738 0.078 52.3 104.0 323.3 319.6
2010_004751 0.010 1.2 31.0 232.2 353.3
2010_004766 0.010 6.1 7.4 495.1 377.0
2010_004782 0.026 19.0 37.0 470.1 340.0
2010_004791 0.043 91.5 5.8 429.2 325.4
2010_004793 0.021 9.1 35.0 503.4 310.6
2010_004807 0.010 -4.5 7.7 253.7 368.8
2010_004816 0.018 163.7 175.3 445.6 346.7
2010_004832 0.011 5.7 9.3 500.3 375.0
2010_004844 0.012 52.4 24.6 444.4 345.7
2010_004844 0.012 378.2 48.0 507.3 238.4
2010_004847 0.010 10.5 219.7 248.7 399.5
2010_004852 0.037 1.2 69.0 489.7 275.7
2010_004878 0.025 4.3 50.8 389.1 275.2
2010_004878 0.011 300.5 64.6 486.7 267.6
2010_004879 0.072 328.0 1.1 378.2 143.5
2010_004896 0.011 436.7 102.2 504.0 167.8
2010_004922 0.030 45.2 225.1 368.0 489.8
2010_004937 0.128 14.0 52.0 406.3 332.3
2010_004938 0.045 115.7 142.1 318.7 353.9
2010_004938 0.019 369.1 290.0 419.2 368.0
2010_004938 0.018 160.8 216.2 308.7 344.9
2010_004938 0.018 220.7 216.5 287.0 346.6
2010_004938 0.015 253.6 214.2 314.4 349.0
2010_004938 0.013 195.1 219.1 262.5 347.1
2010_004938 0.012 198.0 266.3 302.7 352.1
2010_004942 0.033 211.3 3.2 496.5 354.9
2010_004948 0.425 -8.5 31.2 158.2 306.9
2010_004948 0.022 9.0 47.5 321.5 358.2
2010_004959 0.020 3.0 286.5 246.2 369.1
2010_004960 0.114 96.6 98.4 399.4 300.7
2010_004963 0.019 79.9 11.6 362.5 335.3
2010_004973 0.010 79.3 14.2 252.8 473.8
2010_004974 0.019 71.0 53.1 491.0 321.6
2010_004997 0.038 57.6 314.1 225.8 374.7
2010_005016 0.015 44.9 47.3 281.7 491.8
2010_005017 0.027 4.2 26.2 456.1 377.0
2010_005054 0.016 96.2 208.0 243.9 362.7
2010_005055 0.013 6.8 14.9 287.1 272.2
2010_005062 0.017 -3.1 29.7 131.2 308.1
2010_005068 0.022 139.7 63.3 217.7 118.1
2010_005127 0.127 9.8 14.7 504.5 358.0
2010_005183 0.020 31.5 -1.7 472.2 311.5
2010_005198 0.022 199.0 4.9 354.6 242.7
2010_005257 0.013 339.0 287.0 425.3 351.1
2010_005274 0.037 61.9 91.2 368.7 510.4
2010_005274 0.016 66.2 205.7 200.2 423.4
2010_005277 0.018 253.5 112.9 305.3 186.7
2010_005277 0.013 325.6 137.6 372.2 225.6
2010_005301 0.872 54.8 0.7 457.2 308.1
2010_005309 0.015 -3.4 77.9 208.3 373.0
2010_005352 0.032 386.1 235.1 462.4 294.8
2010_005361 0.581 8.0 15.9 367.5 432.2
2010_005371 0.046 90.1 127.5 164.9 209.4
2010_005371 0.011 293.6 94.3 423.7 144.2
2010_005386 0.206 8.2 24.2 501.1 372.1
2010_005391 0.015 82.2 15.7 319.7 453.1
2010_005393 0.011 323.8 41.0 444.7 151.1
2010_005402 0.010 43.2 64.5 306.7 486.6
2010_005415 0.096 28.5 33.9 140.5 140.3
2010_005437 0.022 385.6 39.0 505.0 156.7
2010_005437 0.015 246.4 328.6 350.4 382.2
2010_005442 0.016 11.2 -3.1 484.1 368.2
2010_005458 0.050 6.5 65.8 487.8 360.1
2010_005466 0.017 6.3 150.3 490.4 373.7
2010_005475 0.015 6.6 -0.7 498.3 341.8
2010_005497 0.011 436.6 50.6 502.4 175.7
2010_005535 0.011 207.3 1.3 499.1 199.2
2010_005536 0.070 -6.6 56.9 449.9 334.2
2010_005546 0.029 134.0 22.8 487.8 296.3
2010_005559 0.018 51.5 65.7 473.8 284.0
2010_005593 0.137 11.1 1.8 492.3 361.8
2010_005595 0.991 72.3 88.9 406.5 338.1
2010_005595 0.013 4.4 120.9 131.7 324.4
2010_005597 0.013 2.5 -8.2 210.9 130.8
2010_005615 0.019 8.6 75.1 124.5 190.8
2010_005615 0.013 0.2 108.7 84.6 190.4
2010_005615 0.012 145.0 143.9 239.1 238.7
2010_005615 0.011 32.9 49.8 154.4 162.9
2010_005643 0.010 0.8 34.3 342.7 231.7
2010_005684 0.023 23.8 7.7 493.4 371.2
2010_005700 0.032 3.8 2.7 439.0 329.7
2010_005725 0.034 8.9 3.5 430.1 370.5
2010_005746 0.018 53.6 102.1 410.4 262.1
2010_005770 0.971 72.7 14.9 380.7 338.2
2010_005770 0.012 297.5 7.2 493.9 223.3
2010_005770 0.012 93.9 35.6 325.6 203.4
2010_005785 0.011 380.8 87.0 490.2 216.9
2010_005791 0.030 159.6 238.3 236.3 323.2
2010_005791 0.014 256.2 247.5 316.9 314.8
2010_005807 0.095 51.8 25.4 424.2 330.2
2010_005816 0.011 23.9 58.4 508.0 297.8
2010_005820 0.013 228.0 132.2 294.6 202.2
2010_005823 0.012 19.9 249.2 74.2 296.3
2010_005841 0.194 327.2 165.8 412.7 223.8
2010_005867 0.020 -9.8 11.9 500.7 376.9
2010_005874 0.014 39.5 0.3 188.3 141.6
2010_005921 0.121 84.4 43.3 432.7 364.4
2010_005952 0.022 182.8 111.2 319.3 248.4
2010_005978 0.045 128.8 184.5 465.1 382.7
2010_005982 0.041 275.6 232.7 336.5 316.0
2010_005982 0.022 282.9 321.6 335.8 413.3
2010_005982 0.013 -3.2 26.6 265.2 269.1
2010_005982 0.012 265.9 188.9 313.2 221.1
2010_005982 0.011 -2.5 251.2 57.4 337.6
2010_005986 0.020 70.8 29.1 474.8 328.1
2010_005995 0.045 154.6 54.2 465.4 369.3
2010_005996 0.011 41.4 18.3 414.4 128.3
2010_006009 0.033 6.6 6.3 500.3 359.7
2010_006066 0.037 -0.1 3.9 272.2 474.9
2011_000006 0.015 2.9 -10.5 148.5 301.4
2011_000017 0.031 223.6 146.8 363.7 300.5
2011_000027 0.014 48.3 172.2 79.1 212.0
2011_000027 0.011 7.4 9.4 68.5 83.8
2011_000028 0.024 18.1 191.8 324.6 494.6
2011_000044 0.019 222.5 172.3 272.2 236.1
2011_000048 0.057 6.9 80.0 423.2 324.9
2011_000053 0.017 20.6 111.3 425.9 248.0
2011_000138 0.085 23.3 82.1 311.8 478.9
2011_000152 0.011 367.5 187.7 395.8 257.0
2011_000197 0.013 -4.7 93.3 316.4 429.9
2011_000220 0.031 126.7 276.6 294.3 371.8
2011_000220 0.016 34.3 2.1 452.0 297.4
2011_000233 0.085 295.7 74.3 449.0 191.9
2011_000243 0.062 77.9 -1.7 310.7 458.9
2011_000269 0.094 87.1 56.7 236.8 476.7
2011_000277 0.012 413.3 19.5 500.5 76.2
2011_000317 0.072 51.2 18.7 503.9 328.6
2011_000317 0.024 84.9 9.5 300.2 210.4
2011_000345 0.011 -0.7 167.8 59.7 317.8
2011_000359 0.060 202.5 30.0 496.2 367.9
2011_000359 0.012 3.9 -1.1 378.1 334.2
2011_000370 0.034 33.3 0.3 485.7 306.1
2011_000502 0.381 15.4 27.7 232.4 217.4
2011_000502 0.125 138.8 60.4 210.2 171.2
2011_000502 0.038 201.4 57.8 261.8 159.5
2011_000502 0.034 170.1 56.8 234.2 164.2
2011_000502 0.024 83.6 68.2 159.3 190.0
2011_000502 0.020 113.4 64.2 188.1 189.4
2011_000502 0.014 6.8 52.9 154.3 355.4
2011_000502 0.012 147.7 211.3 240.8 283.4
2011_000502 0.010 122.7 78.2 245.1 272.3
2011_000502 0.010 82.0 96.2 215.1 214.2
2011_000502 0.010 10.1 40.0 151.4 159.4
2011_000509 0.010 134.3 72.5 199.9 148.2
2011_000513 0.017 220.4 215.7 288.5 277.7
2011_000520 0.436 101.3 80.5 311.5 239.2
2011_000531 0.014 71.5 66.0 103.2 129.0
2011_000560 0.780 275.1 118.8 497.6 312.2
2011_000560 0.136 283.7 161.8 400.0 290.1
2011_000560 0.023 341.5 111.6 501.2 233.9
2011_000560 0.018 443.0 111.0 499.7 257.0
2011_000560 0.016 413.8 123.2 476.7 243.9
2011_000560 0.016 330.7 185.8 480.0 324.8
2011_000560 0.013 292.0 181.1 376.2 259.6
2011_000560 0.013 383.5 129.9 496.5 343.2
2011_000560 0.012 474.4 112.2 512.3 258.8
2011_000567 0.393 3.5 8.4 497.7 372.1
2011_000573 0.018 228.2 134.4 347.7 239.4
2011_000573 0.012 33.9 114.9 157.0 230.1
2011_000578 0.931 81.9 14.5 292.5 201.9
2011_000578 0.016 136.3 62.2 247.8 152.9
2011_000579 0.039 289.1 128.8 477.9 271.2
2011_000589 0.010 19.0 28.4 484.5 321.1
2011_000621 0.028 42.3 204.4 113.4 239.5
2011_000629 0.015 -14.0 86.2 375.7 459.7
2011_000692 0.016 123.6 -14.9 377.9 138.2
2011_000701 0.044 7.9 168.2 373.0 492.3
2011_000701 0.011 33.4 90.3 355.6 254.8
2011_000704 0.243 232.6 130.3 273.8 224.5
2011_000768 0.041 20.3 41.8 504.7 365.4
2011_000771 0.149 46.0 34.2 324.4 448.5
2011_000788 0.057 145.5 253.1 346.7 450.8
2011_000800 0.013 239.3 226.4 327.3 301.4
2011_000819 0.017 280.6 85.5 500.3 327.1
2011_000820 0.347 193.4 90.3 344.1 274.9
2011_000820 0.035 213.3 96.2 327.7 204.2
2011_000820 0.017 215.2 71.3 328.4 132.5
2011_000827 0.099 14.5 -7.3 375.6 476.3
2011_000828 0.013 10.0 233.4 206.7 370.3
2011_000828 0.011 235.9 117.5 489.3 341.5
2011_000828 0.011 -1.3 167.2 97.2 348.8
2011_000858 0.010 0.4 17.1 224.6 128.1
2011_000875 0.056 -4.9 14.4 496.7 372.7
2011_000875 0.010 426.5 5.1 497.3 82.4
2011_000885 0.078 398.1 90.0 494.9 176.9
2011_000885 0.033 291.3 243.2 368.7 273.7
2011_000885 0.018 371.4 272.0 428.0 308.0
2011_000885 0.013 197.8 55.6 260.3 153.9
2011_000885 0.012 170.7 53.5 230.3 151.9
2011_000885 0.011 224.2 51.3 286.7 154.7
2011_000885 0.010 458.1 86.3 515.4 172.4
2011_000898 0.404 204.4 29.3 378.6 311.0
2011_000898 0.034 5.7 418.8 133.1 500.2
2011_000898 0.025 124.4 409.1 181.0 493.4
2011_000898 0.020 217.8 56.4 350.3 221.0
2011_000898 0.011 217.9 160.3 373.8 405.7
2011_000898 0.011 108.5 28.0 325.4 300.8
2011_000898 0.010 217.3 238.3 329.8 375.7
2011_000954 0.051 7.5 19.3 500.0 428.9
2011_000981 0.033 73.5 251.2 123.6 300.1
2011_001030 0.035 75.3 25.9 498.5 326.9
2011_001066 0.223 16.7 41.0 414.4 373.9
2011_001066 0.012 -7.7 -0.5 123.7 303.2
2011_001107 0.026 167.9 159.0 248.5 242.3
2011_001107 0.018 307.0 273.8 380.1 359.3
2011_001107 0.011 267.8 167.7 353.6 237.7
2011_001123 0.116 366.9 157.9 426.1 231.5
2011_001123 0.018 443.1 4.9 503.9 161.6
2011_001127 0.011 296.3 -3.7 490.8 162.8
2011_001188 0.913 38.2 11.0 439.1 362.9
2011_001188 0.010 282.5 35.4 416.0 277.1
2011_001215 0.011 0.9 11.3 276.9 446.0
2011_001220 0.026 205.0 133.8 507.5 375.2
2011_001220 0.014 39.2 70.2 245.0 325.1
2011_001227 0.058 165.9 237.1 245.1 314.7
2011_001227 0.011 30.2 183.7 66.2 227.0
2011_001255 0.014 0.8 336.4 42.1 377.5
2011_001270 0.039 9.7 -13.2 355.6 449.3
2011_001318 0.023 119.0 58.4 428.8 427.6
2011_001336 0.028 57.7 69.0 344.4 485.3
2011_001336 0.019 108.6 22.3 327.9 324.3
2011_001373 0.019 24.9 44.8 441.0 303.3
2011_001384 0.013 121.3 173.8 192.6 241.1
2011_001411 0.014 121.3 241.8 191.8 332.7
2011_001424 0.106 0.5 280.8 170.0 373.0
2011_001464 0.504 245.5 136.7 371.0 235.2
2011_001464 0.028 276.2 138.2 361.6 198.2
2011_001464 0.012 205.5 140.8 372.1 300.0
2011_001475 0.011 1.4 53.1 102.4 145.2
2011_001526 0.013 77.5 269.5 125.0 313.0
2011_001600 0.779 66.6 26.6 462.2 370.9
2011_001600 0.023 70.8 37.6 315.9 278.9
2011_001600 0.010 80.0 43.0 403.5 146.6
2011_001611 0.015 116.9 9.9 312.8 259.9
2011_001621 0.013 111.1 2.0 509.4 365.8
2011_001649 0.027 411.1 35.8 502.0 229.4
2011_001649 0.012 428.2 190.8 493.0 218.1
2011_001650 0.011 40.8 7.7 504.4 288.9
2011_001662 0.030 189.7 200.9 249.5 261.2
2011_001662 0.012 208.5 207.1 234.0 248.6
2011_001679 0.024 71.2 2.5 488.5 223.6
2011_001695 0.023 90.0 180.6 177.1 268.7
2011_001695 0.017 96.7 130.8 124.4 176.0
2011_001695 0.013 225.1 108.5 290.4 189.2
2011_001754 0.015 27.5 257.2 293.9 488.2
2011_001791 0.024 291.8 156.4 503.7 358.8
2011_001826 0.010 238.3 46.1 502.2 238.3
2011_001855 0.020 357.2 137.5 407.4 168.4
2011_001871 0.073 160.3 41.5 363.9 147.1
2011_001886 0.039 17.4 -1.0 495.2 355.3
2011_001889 0.034 100.8 4.8 309.5 110.5
2011_001889 0.015 69.5 91.0 141.1 165.0
2011_001889 0.011 70.2 112.6 110.8 160.5
2011_001895 0.064 16.4 121.7 337.8 376.6
2011_001895 0.014 64.4 144.7 193.4 297.2
2011_001895 0.011 36.6 179.2 199.1 376.9
2011_001902 0.089 10.0 8.3 454.5 378.6
2011_001904 0.222 19.3 70.0 343.0 493.5
2011_001920 0.010 -0.3 82.9 27.3 174.3
2011_001929 0.017 277.6 89.7 338.9 151.8
2011_001937 0.013 -4.0 49.9 142.7 161.5
2011_001952 0.118 1.9 86.8 245.8 256.9
2011_001952 0.067 267.5 115.3 497.2 225.5
2011_001972 0.136 418.1 12.8 510.7 296.5
2011_001972 0.070 419.0 28.2 504.2 89.6
2011_001972 0.054 36.4 44.7 458.0 376.5
2011_001972 0.018 261.6 6.3 504.9 367.2
2011_001972 0.010 8.0 127.1 186.0 290.6
2011_002005 0.025 -1.1 14.6 495.3 378.9
2011_002034 0.795 269.2 110.0 334.8 188.1
2011_002034 0.577 319.4 140.9 376.5 199.5
2011_002034 0.117 269.0 106.2 314.6 157.7
2011_002034 0.110 228.9 184.6 308.8 231.8
2011_002034 0.072 355.2 135.1 413.3 204.8
2011_002034 0.055 314.5 164.1 389.5 226.6
2011_002034 0.051 287.6 123.6 331.2 168.2
2011_002034 0.049 262.3 105.9 292.6 156.3
2011_002034 0.042 350.5 167.2 430.2 234.2
2011_002034 0.032 280.3 138.8 342.4 208.7
2011_002034 0.027 402.5 173.0 499.9 287.2
2011_002034 0.026 339.1 177.7 463.5 288.0
2011_002034 0.024 312.2 193.4 401.4 260.9
2011_002034 0.024 370.6 141.7 440.6 221.7
2011_002034 0.024 328.8 121.3 504.2 296.4
2011_002034 0.023 321.4 165.7 364.7 204.3
2011_002034 0.020 295.4 106.3 360.7 179.8
2011_002034 0.019 233.9 100.3 298.4 169.7
2011_002034 0.018 378.8 162.0 457.7 255.6
2011_002034 0.018 71.4 99.6 136.1 165.6
2011_002034 0.017 210.8 96.7 266.4 166.6
2011_002034 0.014 241.1 92.2 273.0 143.8
2011_002055 0.032 16.7 33.6 476.9 310.7
2011_002107 0.048 166.8 242.1 374.5 494.2
2011_002114 0.013 227.4 113.9 344.4 296.5
2011_002144 0.127 204.7 65.6 255.5 162.6
2011_002149 0.077 149.1 86.8 295.9 221.3
2011_002149 0.024 148.6 84.3 276.1 146.0
2011_002149 0.015 167.0 68.1 238.7 169.1
2011_002149 0.013 164.5 65.6 288.1 117.6
2011_002149 0.012 148.1 59.3 208.5 158.9
2011_002186 0.051 61.2 175.3 151.4 240.9
2011_002186 0.019 83.0 14.2 154.1 83.2
2011_002224 0.012 6.5 344.5 104.3 381.9
2011_002252 0.012 6.1 5.8 514.0 368.9
2011_002253 0.010 295.4 250.3 415.3 336.5
2011_002350 0.155 -7.4 12.9 294.1 233.2
2011_002389 0.084 87.4 142.0 151.9 208.4
2011_002389 0.011 225.0 194.6 295.4 265.6
2011_002422 0.041 13.4 -0.6 493.9 427.9
2011_002433 0.023 11.7 46.2 322.7 329.8
2011_002447 0.012 243.9 102.0 318.8 169.9
2011_002460 0.062 122.8 56.5 188.9 132.5
2011_002460 0.017 301.7 148.9 500.8 329.4
2011_002460 0.012 102.9 -10.4 395.3 290.6
2011_002460 0.012 333.1 269.3 383.0 305.6
2011_002488 0.023 258.9 136.0 288.6 235.3
2011_002514 0.023 254.2 70.9 514.5 339.6
2011_002514 0.015 295.7 95.7 337.3 141.7
2011_002514 0.015 31.0 23.3 65.0 70.5
2011_002528 0.036 22.4 30.1 508.3 363.4
2011_002585 0.136 4.0 51.8 485.2 230.2
2011_002594 0.016 -9.4 217.4 56.0 293.5
2011_002598 0.013 24.7 12.8 470.3 383.3
2011_002657 0.470 210.5 220.3 306.1 316.5
2011_002657 0.018 311.2 172.9 423.8 299.7
2011_002657 0.014 168.4 193.4 235.7 283.2
2011_002717 0.010 339.5 167.5 375.5 226.6
2011_002726 0.012 67.5 160.9 492.4 378.9
2011_002746 0.032 294.1 -8.5 494.3 331.9
2011_002770 0.012 432.2 28.8 501.3 167.1
2011_002811 0.605 41.8 26.7 228.4 231.4
2011_002811 0.027 272.4 114.1 490.0 229.2
2011_002814 0.033 144.7 209.1 222.2 292.5
2011_002821 0.012 26.9 19.5 493.3 356.7
2011_002823 0.012 296.5 73.3 399.0 188.5
2011_002852 0.031 102.1 16.6 461.3 373.9
2011_002867 0.011 206.4 370.8 268.0 444.7
2011_002908 0.013 76.7 75.6 356.6 275.5
2011_002911 0.038 -20.9 263.4 332.4 333.5
2011_002921 0.011 291.6 222.8 502.4 317.1
2011_002940 0.884 50.8 113.3 448.6 336.9
2011_002940 0.021 433.0 212.5 502.2 333.9
2011_002949 0.100 106.9 -4.1 466.6 362.4
2011_002949 0.012 121.9 162.0 426.7 377.5
2011_002953 0.012 61.1 204.3 172.0 234.8
2011_002966 0.100 224.5 169.5 452.5 373.0
2011_002966 0.040 59.7 141.9 406.6 370.3
2011_002966 0.034 -9.0 167.4 143.4 364.8
2011_002966 0.017 242.3 176.4 407.3 298.2
2011_002987 0.013 5.6 -12.1 338.8 262.8
2011_003002 0.016 188.4 41.2 234.5 79.3
2011_003038 0.651 27.3 25.0 195.7 174.0
2011_003038 0.486 260.3 31.6 412.1 178.0
2011_003038 0.017 418.6 58.2 503.0 307.6
2011_003057 0.104 38.6 1.3 486.9 331.4
2011_003063 0.010 337.4 126.1 372.2 182.4
2011_003065 0.013 35.6 25.9 483.2 368.4
2011_003121 0.274 42.8 98.1 104.5 145.7
2011_003150 0.012 277.9 302.4 438.6 437.0
2011_003158 0.019 157.8 152.1 244.0 228.0
2011_003158 0.010 244.6 242.4 381.4 300.3
2011_003159 0.028 -9.9 14.0 501.5 313.6
2011_003188 0.038 9.5 3.6 469.4 310.2
2011_003230 0.021 185.1 197.8 229.6 234.1
2011_003230 0.014 182.4 103.9 418.7 254.6
2011_003246 0.383 254.8 126.1 320.6 188.8
2011_003246 0.018 435.9 198.4 468.2 261.3
2011_003246 0.014 264.4 134.9 311.8 173.8
2011_003247 0.517 25.4 50.1 491.8 329.5
