2008_000008 0.028 252.6 253.8 350.6 289.5
2008_000033 0.895 -6.2 151.6 522.6 292.5
2008_000033 0.010 226.3 211.1 411.9 257.1
2008_000070 0.012 240.7 118.0 321.5 155.0
2008_000093 0.123 3.8 64.6 369.0 398.6
2008_000096 0.618 3.7 134.7 350.2 448.8
2008_000105 0.109 74.8 16.5 501.5 311.8
2008_000148 0.058 4.3 40.5 428.7 313.1
2008_000151 0.011 -0.8 256.7 54.0 311.3
2008_000189 0.189 -4.5 23.2 511.8 355.1
2008_000260 0.013 65.5 4.0 130.1 31.7
2008_000262 0.455 16.8 16.3 506.2 254.7
2008_000719 0.017 20.5 151.5 474.8 263.5
2008_000815 0.999 27.7 95.5 488.1 291.3
2008_000824 0.996 23.6 74.5 506.9 279.5
2008_000824 0.037 13.7 123.1 306.5 276.9
2008_000824 0.027 220.6 81.0 481.5 210.5
2008_000824 0.014 329.7 84.3 470.9 187.6
2008_000824 0.014 47.5 89.3 336.3 205.7
2008_001056 0.023 70.6 129.9 475.3 206.8
2008_001106 0.015 24.2 54.5 310.7 204.7
2008_001219 0.030 37.5 92.2 487.9 173.9
2008_001267 0.020 22.9 39.2 472.2 239.9
2008_001358 0.012 146.2 1.7 212.0 55.9
2008_001359 0.096 31.4 108.0 467.0 270.4
2008_001488 0.484 95.4 31.3 409.9 145.4
2008_001609 0.105 7.4 102.5 474.1 358.0
2008_001704 0.234 211.6 76.2 507.3 368.2
2008_001704 0.044 212.1 62.9 511.7 150.5
2008_001706 0.997 25.4 39.2 493.3 214.8
2008_001706 0.013 17.1 125.3 335.5 214.4
2008_001829 0.011 52.9 209.6 144.5 271.5
2008_001860 0.018 151.5 172.3 320.8 291.0
2008_001977 0.013 217.7 173.0 252.0 203.4
2008_002001 0.996 14.6 95.6 494.9 285.9
2008_002001 0.027 250.6 102.1 499.4 265.7
2008_002001 0.025 149.6 94.5 495.5 188.2
2008_002001 0.012 17.3 105.8 333.9 184.6
2008_002001 0.011 285.7 55.8 498.0 201.9
2008_002001 0.010 305.9 96.4 429.4 175.3
2008_002023 0.012 110.6 54.5 479.2 189.8
2008_002079 0.014 24.7 216.5 213.8 302.7
2008_002215 0.890 57.3 129.2 432.1 186.9
2008_002215 0.111 114.2 151.1 313.9 186.0
2008_002215 0.037 218.4 133.8 400.5 182.1
2008_002215 0.012 293.9 134.9 451.6 176.7
2008_002215 0.012 227.4 127.7 496.0 195.8
2008_002218 0.014 180.1 191.4 362.8 318.9
2008_002221 0.012 60.2 92.8 224.3 131.3
2008_002365 0.236 12.6 109.7 419.5 234.9
2008_002377 0.725 14.7 75.0 443.2 240.8
2008_002622 0.261 21.8 118.2 465.5 206.3
2008_002634 0.011 228.7 377.0 291.0 449.7
2008_002776 0.077 -7.1 -5.0 481.1 325.6
2008_002930 0.014 15.3 299.7 375.8 489.0
2008_002966 0.920 10.2 137.6 262.1 232.6
2008_002966 0.286 209.6 144.4 459.1 224.7
2008_003063 0.029 170.9 98.9 224.4 126.1
2008_003063 0.015 152.3 93.7 211.6 114.7
2008_003063 0.013 137.9 100.9 225.2 139.6
2008_003063 0.012 140.0 114.8 195.1 140.6
2008_003213 0.010 156.8 19.4 335.2 491.6
2008_003463 0.804 13.6 123.7 463.5 261.5
2008_003497 0.970 9.9 63.6 447.9 288.6
2008_003655 0.012 60.3 138.8 86.8 153.4
2008_003674 0.992 3.4 97.9 492.7 267.7
2008_003703 0.996 7.2 38.0 508.3 273.1
2008_003712 0.013 156.3 93.2 352.3 226.7
2008_003732 0.015 107.2 208.4 331.0 369.0
2008_003774 0.912 92.8 109.5 277.4 150.2
2008_003774 0.687 87.5 126.7 511.9 230.6
2008_003774 0.030 21.3 79.7 132.5 107.8
2008_003774 0.025 106.3 120.7 425.7 188.0
2008_003774 0.014 42.8 107.5 180.8 140.2
2008_003883 0.017 196.5 61.7 388.5 288.6
2008_003992 0.422 22.1 88.1 474.5 206.3
2008_003992 0.019 428.1 106.7 502.8 187.2
2008_003992 0.017 273.8 72.7 485.1 191.0
2008_003992 0.013 374.7 78.9 500.3 176.4
2008_003992 0.013 5.0 107.7 90.4 171.2
2008_003992 0.012 396.0 133.9 509.4 173.9
2008_003992 0.011 10.7 113.9 146.7 156.5
2008_004053 0.914 88.1 163.7 490.8 289.3
2008_004224 0.030 382.8 163.6 407.7 176.2
2008_004246 0.415 9.1 95.7 501.7 260.3
2008_004274 0.594 17.1 105.7 364.4 203.7
2008_004274 0.040 229.5 116.8 498.6 210.3
2008_004288 0.011 3.6 44.0 479.9 311.1
2008_004293 0.013 -2.3 34.7 498.1 252.0
2008_004307 0.071 7.9 52.5 486.4 231.4
2008_004307 0.010 399.5 182.8 495.4 225.1
2008_004380 0.973 11.1 97.8 508.7 227.8
2008_004441 0.678 291.8 197.6 375.0 253.7
2008_004441 0.330 106.0 232.1 196.7 297.3
2008_004441 0.124 127.9 96.4 217.9 155.5
2008_004441 0.111 184.2 174.6 269.9 238.8
2008_004603 0.015 0.7 141.5 506.0 232.8
2008_004697 0.406 -0.9 104.4 468.1 288.9
2008_004764 0.015 172.8 -0.5 420.8 89.8
2008_004777 0.517 13.6 70.5 490.4 219.1
2008_004845 0.989 76.1 60.1 497.9 258.2
2008_004845 0.022 154.6 69.9 482.5 159.6
2008_004845 0.017 257.0 79.0 491.3 222.6
2008_004845 0.012 226.9 86.3 382.4 137.4
2008_004845 0.010 248.3 109.3 414.8 156.2
2008_004845 0.010 206.2 72.0 360.2 117.9
2008_004876 0.086 17.8 197.4 489.0 377.0
2008_004876 0.016 50.8 30.2 464.9 364.4
2008_005036 0.011 303.1 1.3 374.6 67.5
2008_005074 0.983 10.9 53.0 492.1 218.6
2008_005108 0.167 4.6 50.5 466.1 284.5
2008_005209 0.194 0.4 53.9 487.4 313.6
2008_005220 0.019 25.6 0.0 329.4 413.9
2008_005234 0.127 126.6 108.5 446.5 238.2
2008_005283 0.012 284.8 313.3 319.2 355.7
2008_005295 0.997 26.2 76.1 283.0 163.5
2008_005303 0.015 0.9 125.9 518.5 211.2
2008_005324 0.013 257.3 199.7 370.9 298.9
2008_005367 0.021 9.4 55.0 354.0 215.5
2008_005367 0.011 292.4 149.5 384.4 197.6
2008_005405 0.013 6.8 97.0 48.2 118.5
2008_005415 0.073 1.6 0.6 507.1 328.8
2008_005531 0.011 70.5 137.6 453.1 221.2
2008_005531 0.010 71.1 191.5 147.1 213.6
2008_005610 0.973 0.2 144.2 501.3 316.7
2008_005618 0.018 51.4 49.0 506.1 372.1
2008_005832 0.014 32.1 41.8 443.0 371.3
2008_005843 0.075 23.0 74.4 490.4 363.8
2008_005874 0.993 9.6 27.0 478.6 236.3
2008_005893 0.049 172.8 144.1 339.1 191.8
2008_006046 0.016 113.2 91.2 247.3 191.6
2008_006049 0.035 164.4 54.8 389.4 249.5
2008_006070 0.011 162.3 8.1 371.5 500.8
2008_006081 0.041 409.2 261.1 454.9 282.4
2008_006111 0.124 186.1 76.9 496.9 380.9
2008_006129 0.668 89.1 135.9 324.2 198.7
2008_006211 0.561 18.7 11.8 468.5 334.7
2008_006211 0.014 -1.8 176.4 401.9 335.8
2008_006221 0.019 120.8 38.0 394.0 260.8
2008_006242 0.020 -4.9 208.4 455.1 334.2
2008_006265 0.010 25.5 306.7 375.9 489.7
2008_006300 0.200 -3.6 56.2 304.0 296.4
2008_006387 0.636 19.4 75.9 464.7 256.6
2008_006387 0.019 212.0 85.5 461.8 210.9
2008_006387 0.017 4.5 74.1 252.0 221.2
2008_006401 0.091 17.3 143.7 436.6 251.4
2008_006522 0.020 144.8 252.5 179.4 294.9
2008_006623 0.662 16.7 125.2 136.0 170.9
2008_006663 0.556 3.0 28.6 363.3 453.7
2008_006692 0.630 -0.5 119.2 459.6 250.2
2008_006751 0.545 66.1 130.2 311.2 207.0
2008_006751 0.105 43.1 239.7 237.4 316.6
2008_006751 0.019 43.7 114.1 204.0 188.8
2008_006879 0.544 95.1 152.1 413.8 227.3
2008_006954 0.011 -5.4 2.2 506.1 190.7
2008_006961 0.010 87.3 238.8 115.6 255.9
2008_007014 0.885 -1.3 133.6 407.3 219.0
2008_007076 0.986 12.3 106.3 497.6 223.9
2008_007081 0.023 178.0 38.3 504.5 315.9
2008_007106 0.021 60.1 66.4 420.6 268.7
2008_007142 0.034 144.9 168.9 296.6 202.9
2008_007147 0.049 -1.8 63.5 61.2 110.6
2008_007217 0.992 -8.3 106.6 477.1 262.8
2008_007217 0.708 363.9 51.9 498.6 117.0
2008_007239 0.023 120.9 126.5 366.4 282.1
2008_007265 0.110 265.9 12.6 452.1 52.4
2008_007265 0.010 11.6 131.8 370.6 194.3
2008_007281 0.048 174.7 20.9 493.9 256.7
2008_007286 0.013 -6.3 51.0 241.8 159.7
2008_007361 0.999 7.5 112.8 501.4 269.0
2008_007424 0.772 114.2 101.7 461.2 201.1
2008_007443 0.014 17.1 216.7 506.5 317.5
2008_007515 0.010 153.9 330.2 257.2 376.9
2008_007559 0.935 3.7 151.3 489.6 318.9
2008_007559 0.057 39.5 235.8 441.9 316.8
2008_007559 0.014 416.2 137.2 478.5 154.8
2008_007559 0.014 202.6 124.3 478.0 279.7
2008_007559 0.011 94.8 152.5 467.9 232.0
2008_007709 0.974 56.5 111.4 430.4 231.8
2008_007710 0.017 4.1 248.6 359.2 496.0
2008_007781 0.013 175.0 236.5 375.0 275.1
2008_007781 0.010 185.8 251.8 364.2 287.2
2008_007789 0.042 -14.6 85.2 476.4 169.2
2008_007840 0.143 14.7 145.1 510.0 265.5
2008_007912 0.036 16.4 110.5 492.0 265.6
2008_007928 0.817 175.4 89.3 249.7 181.9
2008_007950 0.351 -3.9 64.0 490.3 261.2
2008_007977 0.015 161.7 216.7 207.8 274.6
2008_007977 0.012 167.1 247.8 206.7 273.0
2008_008028 0.014 57.6 34.0 440.1 342.3
2008_008070 0.011 274.3 240.9 337.4 354.7
2008_008121 0.012 13.0 42.0 477.7 341.8
2008_008212 0.913 26.8 109.6 500.5 253.2
2008_008237 0.567 157.5 115.5 367.3 199.7
2008_008300 0.044 119.8 47.1 502.3 464.6
2008_008363 0.108 157.8 79.9 433.6 179.5
2008_008363 0.036 73.2 114.6 410.6 209.6
2008_008391 0.015 306.4 40.4 353.4 82.5
2008_008411 0.032 90.6 85.7 460.7 311.1
2008_008428 0.017 63.3 60.0 382.6 273.2
2008_008511 0.403 35.8 60.0 317.1 144.5
2008_008522 0.545 7.6 88.1 228.1 197.1
2008_008522 0.295 25.1 104.2 487.2 256.3
2008_008522 0.064 71.2 92.3 398.4 201.1
2008_008522 0.060 185.3 144.5 477.4 235.1
2008_008522 0.039 98.2 146.9 242.9 206.0
2008_008522 0.032 22.1 136.7 244.5 272.4
2008_008522 0.023 15.9 84.8 127.5 166.4
2008_008522 0.013 84.4 129.7 241.8 182.4
2008_008523 0.011 288.4 38.1 523.7 316.4
2008_008526 0.011 409.1 169.1 431.1 182.0
2008_008546 0.873 107.1 230.4 319.6 324.1
2008_008546 0.049 194.5 231.5 281.9 316.7
2008_008608 0.057 16.0 10.1 494.2 318.1
2008_008641 0.515 19.0 55.9 282.4 148.8
2008_008641 0.013 214.7 102.9 290.8 124.5
2008_008697 0.992 98.3 230.7 479.3 339.8
2008_008697 0.013 107.5 227.8 187.2 319.2
2008_008697 0.010 37.5 258.5 153.3 324.4
2008_008719 0.542 -13.2 23.4 490.2 274.4
2009_000054 0.690 -7.1 105.0 473.4 215.8
2009_000059 0.750 19.0 107.0 486.2 233.3
2009_000059 0.052 159.2 136.9 503.4 215.2
2009_000059 0.013 24.4 100.8 264.3 208.7
2009_000120 0.998 12.8 61.7 503.3 278.4
2009_000120 0.040 221.8 124.0 499.1 270.2
2009_000120 0.028 2.9 140.6 310.5 271.3
2009_000120 0.014 11.5 57.4 280.4 205.1
2009_000120 0.013 248.7 56.8 501.8 220.9
2009_000120 0.012 147.5 99.3 301.3 138.3
2009_000140 0.741 249.7 79.0 305.1 159.9
2009_000159 0.171 59.6 68.5 164.4 101.7
2009_000159 0.141 317.2 229.2 417.6 256.2
2009_000159 0.135 259.0 190.3 362.3 213.7
2009_000159 0.122 132.4 105.2 238.8 139.2
2009_000159 0.104 200.7 146.6 303.5 182.0
2009_000159 0.011 271.8 223.1 400.1 253.6
2009_000177 0.231 -6.1 33.2 499.3 178.5
2009_000197 0.839 64.0 120.8 480.3 275.7
2009_000237 0.804 85.4 127.6 465.7 306.9
2009_000367 0.011 62.2 181.8 115.6 240.3
2009_000405 0.010 9.4 1.8 470.0 285.9
2009_000438 0.024 27.8 73.6 358.0 429.0
2009_000449 0.986 108.5 118.7 426.7 237.5
2009_000494 0.084 56.0 86.4 471.3 252.0
2009_000553 0.088 -6.6 13.1 493.2 202.4
2009_000635 0.019 -3.8 114.0 297.2 464.6
2009_000684 0.049 122.7 168.4 402.9 224.9
2009_000684 0.010 161.7 142.1 412.7 208.2
2009_000708 0.843 -3.6 136.3 422.4 221.6
2009_000759 0.011 13.2 147.2 492.9 276.3
2009_000816 0.012 35.3 62.7 391.1 328.6
2009_000833 0.019 54.3 134.5 493.7 245.5
2009_000833 0.018 41.7 184.6 458.3 258.0
2009_000894 0.963 0.4 36.1 485.9 192.8
2009_000920 0.988 40.9 116.9 494.2 229.0
2009_000961 0.022 11.0 91.6 281.9 509.6
2009_000980 0.930 30.0 133.8 486.7 224.6
2009_000987 0.013 135.9 199.7 249.0 254.9
2009_001002 0.012 243.4 177.1 309.5 244.0
2009_001009 0.017 241.3 228.7 337.9 280.4
2009_001012 0.886 129.1 136.4 341.9 235.2
2009_001012 0.018 389.8 183.3 500.3 237.4
2009_001012 0.013 406.2 204.6 466.8 238.2
2009_001012 0.012 406.9 213.1 441.5 240.1
2009_001117 0.044 25.3 209.8 440.9 378.8
2009_001159 0.016 12.4 31.6 498.8 374.0
2009_001201 0.196 19.8 62.0 478.5 216.2
2009_001208 0.012 172.0 49.3 374.2 371.5
2009_001253 0.999 40.1 95.4 464.0 225.0
2009_001253 0.010 47.2 128.5 305.4 233.9
2009_001357 0.010 146.3 20.7 343.4 381.3
2009_001368 0.013 -3.4 5.2 354.0 344.9
2009_001475 0.021 271.7 198.0 348.5 272.2
2009_001544 0.955 59.1 95.0 371.9 202.8
2009_001550 0.011 221.5 0.4 311.7 31.1
2009_001625 0.029 12.6 84.6 491.2 293.9
2009_001735 0.989 16.1 38.0 479.7 261.3
2009_001749 0.853 62.0 134.5 491.6 216.2
2009_001749 0.058 95.5 145.9 252.1 186.1
2009_001749 0.014 391.1 168.9 501.0 209.0
2009_001749 0.011 85.8 139.3 170.2 183.1
2009_001770 0.012 68.2 -1.6 367.1 487.1
2009_001807 0.598 1.5 75.1 484.5 223.3
2009_001826 0.012 2.1 141.9 208.9 239.9
2009_001898 0.992 19.9 100.9 506.8 262.9
2009_001898 0.058 111.7 177.1 496.2 260.2
2009_001898 0.021 328.4 187.5 500.2 262.7
2009_001904 0.308 -0.2 66.9 471.4 265.2
2009_001904 0.055 219.5 84.5 361.6 126.6
2009_001934 0.010 69.2 28.1 424.2 281.7
2009_001948 0.499 37.8 99.1 480.4 238.4
2009_001948 0.020 252.3 93.7 487.8 220.2
2009_002077 0.047 -12.5 99.8 329.2 498.2
2009_002103 0.062 155.2 40.2 247.0 85.0
2009_002112 0.845 203.7 113.4 381.7 210.4
2009_002112 0.431 42.8 94.1 195.7 206.3
2009_002256 0.813 49.5 80.1 486.6 182.0
2009_002258 0.998 32.5 109.1 465.8 271.2
2009_002271 0.017 172.1 108.0 225.4 179.1
2009_002285 0.124 233.0 147.7 344.0 182.7
2009_002312 0.018 28.9 50.9 428.1 248.8
2009_002406 0.984 7.5 39.1 510.4 319.5
2009_002579 0.896 41.9 156.4 468.6 244.7
2009_002579 0.025 72.1 190.7 257.9 232.9
2009_002585 0.015 351.2 46.5 436.1 99.7
2009_002586 0.780 219.7 22.8 454.1 107.5
2009_002586 0.048 44.8 231.5 260.3 306.4
2009_002599 0.998 3.9 61.4 501.6 239.1
2009_002672 0.054 42.3 67.3 407.2 240.2
2009_002697 0.231 312.6 83.1 377.5 150.9
2009_002710 0.104 201.4 72.6 350.4 183.6
2009_002791 0.901 214.9 97.6 342.4 134.0
2009_002791 0.012 218.8 111.6 304.3 135.0
2009_002827 0.995 9.3 66.1 488.5 209.9
2009_002935 0.963 46.2 89.4 493.4 187.8
2009_003019 0.716 14.4 87.4 429.7 267.7
2009_003019 0.018 14.6 82.3 316.5 150.3
2009_003156 0.053 14.3 56.4 331.9 155.2
2009_003156 0.025 26.4 115.3 457.8 238.1
2009_003168 0.016 124.4 112.1 209.2 196.8
2009_003172 0.011 244.7 99.0 268.5 139.3
2009_003209 0.168 243.6 279.4 422.0 317.5
2009_003267 0.018 108.4 121.8 352.7 458.6
2009_003316 0.921 118.9 59.9 504.4 189.6
2009_003316 0.919 3.3 139.4 234.4 242.7
2009_003316 0.255 58.3 104.7 303.0 220.3
2009_003316 0.024 84.8 140.8 254.9 190.3
2009_003316 0.013 165.8 150.8 253.7 206.0
2009_003316 0.011 70.9 185.2 163.5 239.8
2009_003333 0.843 42.8 123.4 475.4 212.5
2009_003333 0.042 382.2 114.9 492.2 170.2
2009_003340 0.025 -8.2 20.0 487.7 320.9
2009_003360 0.033 3.2 57.6 470.1 223.5
2009_003402 0.998 50.2 79.5 494.6 227.2
2009_003446 0.712 111.2 128.8 437.9 201.2
2009_003510 0.033 167.3 79.1 308.8 258.2
2009_003555 0.123 -0.3 66.9 490.8 297.8
2009_003594 0.446 13.2 62.9 469.2 233.4
2009_003636 0.596 38.6 107.4 500.4 253.5
2009_003705 0.912 22.4 102.1 509.0 249.1
2009_003709 0.012 65.6 31.8 462.8 312.8
2009_003736 0.031 105.6 40.4 414.1 308.9
2009_003775 0.164 46.7 118.3 494.8 329.7
2009_003783 0.999 1.5 66.1 507.4 227.3
2009_003783 0.018 74.2 156.5 195.3 197.9
2009_003867 0.980 45.7 30.3 499.4 254.0
2009_003867 0.016 72.3 39.5 255.7 269.9
2009_003994 0.012 100.6 75.1 370.3 301.7
2009_004073 0.238 25.5 114.3 490.8 207.5
2009_004112 0.978 5.5 83.2 475.5 276.6
2009_004171 0.075 55.9 53.4 508.4 198.5
2009_004176 0.149 178.1 141.1 480.2 216.4
2009_004176 0.024 51.8 141.2 214.2 220.6
2009_004176 0.021 75.1 107.3 483.1 253.4
2009_004176 0.010 218.0 169.4 435.9 217.6
2009_004234 0.986 17.3 89.0 493.8 212.2
2009_004279 0.012 72.8 89.7 219.1 142.2
2009_004301 0.013 190.8 258.3 255.1 323.7
2009_004371 0.913 29.0 99.4 494.1 205.2
2009_004371 0.020 -2.1 112.1 297.4 198.8
2009_004374 0.056 7.5 125.0 500.0 226.1
2009_004399 0.057 86.1 47.2 319.0 474.0
2009_004432 0.018 20.8 22.7 476.1 331.6
2009_004451 0.031 6.9 16.9 253.2 318.1
2009_004451 0.012 6.2 136.5 220.1 383.9
2009_004508 0.021 272.4 102.8 357.6 175.9
2009_004547 0.023 3.8 105.7 465.2 248.0
2009_004656 0.991 44.7 108.1 490.4 212.3
2009_004705 0.025 85.0 222.9 258.0 269.5
2009_004731 0.013 -3.0 213.3 480.3 304.7
2009_004798 0.021 78.3 61.2 428.6 287.7
2009_004813 0.159 91.6 174.6 496.7 328.2
2009_004813 0.028 82.0 104.3 240.7 323.0
2009_004830 0.709 18.0 93.7 467.6 229.3
2009_004830 0.369 206.6 111.1 468.6 194.3
2009_004830 0.014 14.2 110.6 273.5 213.7
2009_004898 0.023 392.6 6.4 478.4 43.1
2009_004926 0.011 58.1 148.5 483.2 332.0
2009_004953 0.989 65.1 165.7 379.0 256.1
2009_004953 0.014 79.7 163.9 149.9 223.5
2009_005070 0.014 26.4 160.8 221.1 211.2
2009_005201 0.314 61.5 144.0 481.0 252.0
2009_005218 0.076 42.6 66.1 462.2 307.3
2009_005218 0.011 156.8 114.9 386.8 309.1
2009_005218 0.011 237.9 88.0 504.2 310.1
2009_005307 0.013 22.7 31.6 382.5 440.7
2010_000043 0.967 -8.3 72.1 494.2 270.3
2010_000067 0.012 -1.0 118.7 241.6 438.9
2010_000076 0.214 59.2 140.5 371.0 240.0
2010_000076 0.011 284.2 136.3 370.3 159.8
2010_000198 0.037 83.2 42.0 177.3 88.8
2010_000204 0.974 29.8 89.4 501.6 226.0
2010_000250 0.044 19.5 25.3 431.4 375.5
2010_000276 0.987 12.7 94.0 496.5 212.5
2010_000276 0.018 169.4 151.2 246.4 198.5
2010_000276 0.013 309.0 146.3 492.5 192.2
2010_000276 0.013 1.7 109.7 225.5 219.8
2010_000307 0.729 21.1 94.4 464.4 231.4
2010_000320 0.994 63.8 81.8 473.7 226.8
2010_000320 0.026 283.4 146.7 469.3 218.3
2010_000320 0.011 293.6 93.0 477.2 196.5
2010_000386 0.997 24.8 69.9 477.0 311.3
2010_000641 0.113 48.0 68.9 431.4 305.9
2010_000658 0.013 22.7 5.0 473.2 385.4
2010_000694 0.012 41.0 55.3 438.5 138.5
2010_000710 0.037 72.7 75.3 268.5 294.1
2010_000710 0.012 115.6 73.1 448.6 315.1
2010_000721 0.990 131.7 129.9 328.9 210.2
2010_000721 0.011 126.4 152.5 224.5 200.4
2010_000723 0.826 8.5 49.0 505.7 305.9
2010_000723 0.019 274.8 41.5 496.2 309.1
2010_000799 0.016 21.0 16.0 495.5 366.3
2010_000855 0.011 175.8 67.6 239.4 122.4
2010_000862 0.976 95.0 104.1 482.2 211.6
2010_000862 0.015 33.3 113.1 309.4 204.7
2010_000862 0.014 -8.6 118.1 159.3 198.2
2010_000914 0.133 72.4 5.0 506.1 382.6
2010_001012 0.018 32.9 66.0 491.8 325.6
2010_001043 0.636 51.3 149.5 440.6 300.8
2010_001066 0.019 74.5 19.0 410.6 360.0
2010_001105 0.575 -5.5 125.7 357.7 250.5
2010_001273 0.164 256.7 127.7 434.3 245.8
2010_001329 0.061 14.0 102.0 313.4 477.9
2010_001478 0.013 116.1 136.2 310.1 309.7
2010_001560 0.162 14.6 102.9 371.1 448.0
2010_001576 0.030 107.1 263.7 158.2 290.4
2010_001608 0.019 -7.7 13.9 479.8 346.5
2010_001619 0.993 33.7 101.8 490.5 238.7
2010_001619 0.137 142.5 97.8 480.0 174.7
2010_001619 0.028 10.4 85.0 235.8 230.3
2010_001619 0.018 109.7 115.0 190.4 139.0
2010_001619 0.012 32.6 91.1 197.3 179.2
2010_001619 0.012 88.5 111.2 217.2 155.0
2010_001753 0.913 38.1 66.4 475.2 207.1
2010_001807 0.036 262.8 191.2 490.9 233.1
2010_001860 0.457 18.1 41.6 486.6 231.9
2010_001884 0.483 127.6 45.6 438.3 327.0
2010_001896 0.017 33.8 27.0 297.0 395.4
2010_001944 0.106 13.3 24.3 505.7 290.7
2010_001973 0.012 301.9 110.3 464.0 222.7
2010_002042 0.013 416.0 4.1 475.7 83.5
2010_002104 1.000 80.6 100.3 475.9 236.1
2010_002130 0.029 31.6 5.0 494.8 341.0
2010_002254 0.066 18.5 58.2 504.4 288.8
2010_002254 0.018 24.3 178.9 511.1 325.6
2010_002278 0.013 387.5 55.7 451.0 72.1
2010_002382 0.012 317.9 301.7 417.2 331.2
2010_002393 0.013 119.0 34.6 440.1 277.7
2010_002413 0.307 78.9 76.0 445.2 216.6
2010_002475 0.850 47.0 115.1 398.7 214.6
2010_002475 0.019 203.5 102.6 430.1 196.7
2010_002529 0.018 -12.7 101.0 357.7 348.7
2010_002615 0.225 50.3 103.5 500.5 276.0
2010_002662 0.993 83.3 104.3 402.6 211.8
2010_002662 0.014 83.5 103.3 173.8 190.5
2010_002692 0.011 163.8 29.6 198.5 61.1
2010_002752 0.955 46.4 134.1 302.1 216.2
2010_002752 0.034 31.3 128.5 166.4 189.0
2010_002779 0.959 48.8 140.4 434.7 270.4
2010_002786 0.060 26.3 11.1 453.2 312.0
2010_002891 0.046 79.4 41.7 478.9 294.0
2010_002917 0.029 214.6 204.7 346.4 244.4
2010_002917 0.021 -10.0 52.3 495.0 257.1
2010_002990 0.014 198.2 79.9 241.0 138.7
2010_003003 0.831 6.7 122.6 500.3 235.0
2010_003003 0.010 411.8 271.3 461.2 281.9
2010_003028 0.638 80.6 159.6 368.7 258.0
2010_003084 0.860 37.4 81.6 499.7 254.3
2010_003148 0.025 -2.6 161.7 80.5 210.6
2010_003148 0.019 1.2 76.0 496.6 321.2
2010_003148 0.011 3.1 157.1 42.5 197.9
2010_003274 0.029 137.6 17.4 222.1 74.1
2010_003383 0.053 56.4 38.5 499.9 180.6
2010_003391 0.931 5.7 112.7 491.7 257.7
2010_003477 0.020 112.7 50.0 501.8 130.1
2010_003491 0.011 362.4 129.6 447.1 171.6
2010_003509 0.063 72.2 131.8 495.4 255.5
2010_003592 0.119 17.9 148.0 221.3 200.1
2010_003592 0.031 329.3 170.6 402.3 209.0
2010_003592 0.023 406.4 167.9 479.2 204.9
2010_003592 0.013 405.1 170.6 446.5 199.6
2010_003592 0.013 298.3 172.0 452.2 204.1
2010_003599 0.772 13.7 38.4 507.3 321.1
2010_003629 0.018 346.8 200.9 475.1 233.7
2010_003651 0.046 80.3 190.5 460.6 321.2
2010_003770 0.994 -9.9 68.2 503.0 175.1
2010_003844 0.062 -2.6 98.5 310.9 286.4
2010_003845 0.025 44.0 53.1 506.4 352.4
2010_003856 0.199 -3.0 32.0 459.2 262.3
2010_003894 0.029 10.9 10.8 492.4 375.9
2010_003931 0.920 75.0 60.8 482.6 339.8
2010_003954 0.019 124.3 25.4 361.3 334.3
2010_003994 0.299 86.3 12.0 431.9 286.1
2010_003995 0.338 -3.8 48.6 475.7 273.8
2010_004043 0.517 34.9 154.1 467.3 302.2
2010_004043 0.017 194.7 148.1 472.5 261.8
2010_004071 0.013 258.0 38.2 285.4 84.8
2010_004118 0.410 7.1 -11.1 489.6 195.9
2010_004119 0.031 93.4 250.9 211.1 294.7
2010_004168 0.808 40.3 96.0 468.9 232.1
2010_004168 0.029 26.3 108.9 258.5 224.8
2010_004171 0.693 68.8 59.9 456.4 214.6
2010_004264 0.041 9.2 81.0 481.2 310.6
2010_004271 0.012 0.3 5.2 342.1 502.5
2010_004282 0.014 131.9 45.2 201.8 94.8
2010_004306 0.028 -4.9 10.6 453.4 316.6
2010_004360 0.450 219.8 134.4 383.8 273.5
2010_004366 0.991 7.5 82.7 498.8 282.4
2010_004476 0.119 21.9 72.1 385.7 277.3
2010_004521 0.295 119.7 171.5 401.4 266.2
2010_004521 0.135 102.7 96.4 460.4 275.7
2010_004521 0.016 102.9 177.4 451.5 345.4
2010_004616 0.020 47.8 28.0 366.3 334.7
2010_004657 0.996 25.7 100.2 494.9 216.4
2010_004660 0.013 67.5 70.4 349.9 279.4
2010_004717 0.359 40.0 101.0 435.0 168.6
2010_004721 0.029 3.0 99.8 449.1 284.2
2010_004770 0.999 6.1 128.5 492.4 272.1
2010_004777 0.990 36.2 128.3 449.1 239.2
2010_004777 0.128 -0.2 154.9 181.8 221.1
2010_004777 0.037 5.5 140.5 117.7 203.9
2010_004777 0.032 -4.0 181.7 151.3 232.3
2010_004777 0.015 18.7 137.6 198.0 184.8
2010_004777 0.014 -2.5 202.2 135.1 249.7
2010_004777 0.013 87.5 169.3 183.5 219.3
2010_004777 0.012 -22.7 129.8 80.8 218.0
2010_004793 0.025 14.8 33.0 495.6 315.3
2010_004871 0.658 73.8 154.3 245.0 368.5
2010_004888 0.773 -6.0 185.0 506.3 324.1
2010_004918 0.019 411.8 138.9 502.3 183.8
2010_004928 0.039 9.7 118.4 477.6 261.1
2010_004974 0.071 67.2 55.6 494.9 319.9
2010_005022 0.154 164.0 57.1 499.0 166.8
2010_005033 0.018 300.0 197.8 381.8 270.9
2010_005071 0.022 5.1 55.4 461.6 333.4
2010_005201 0.049 146.1 76.6 334.8 252.0
2010_005275 0.222 6.3 212.0 232.7 304.8
2010_005376 0.999 297.3 187.7 376.4 271.2
2010_005376 0.016 314.6 200.9 366.0 256.9
2010_005429 0.047 60.2 127.9 466.6 288.3
2010_005494 0.012 205.1 73.0 380.4 166.4
2010_005536 0.010 -17.1 42.5 439.2 341.9
2010_005614 0.058 29.0 15.4 421.1 378.0
2010_005614 0.013 44.6 5.0 133.6 51.9
2010_005616 0.988 45.2 119.8 355.8 243.3
2010_005663 0.746 42.0 240.3 281.5 331.7
2010_005663 0.109 133.6 29.8 189.8 60.7
2010_005715 0.347 66.7 38.2 459.0 261.4
2010_005715 0.011 260.5 72.6 305.6 109.6
2010_005805 0.021 23.7 66.3 499.0 192.6
2010_005921 0.012 84.4 43.3 432.7 364.4
2010_005951 0.986 158.1 110.7 474.0 232.2
2010_006028 0.040 132.1 128.6 358.0 225.8
2011_000068 0.013 39.0 114.3 125.4 165.4
2011_000122 0.624 209.9 135.1 323.0 182.8
2011_000267 0.190 180.1 102.0 443.8 194.0
2011_000285 0.990 124.5 150.8 286.3 281.2
2011_000290 0.011 219.8 169.9 279.0 218.5
2011_000343 0.248 12.7 72.2 466.5 262.4
2011_000343 0.027 67.6 80.1 218.5 114.8
2011_000362 0.019 20.9 96.6 277.8 198.5
2011_000362 0.013 0.8 83.7 456.1 253.2
2011_000376 0.016 102.2 28.8 207.8 90.8
2011_000392 0.555 91.5 201.3 507.7 295.1
2011_000392 0.014 68.9 199.3 222.1 285.4
2011_000434 0.061 23.1 6.0 501.1 342.0
2011_000444 0.973 5.6 88.0 492.3 246.5
2011_000444 0.090 99.9 149.2 494.5 229.4
2011_000444 0.055 244.9 168.7 502.8 250.8
2011_000444 0.026 322.0 170.7 486.2 217.7
2011_000469 0.016 7.7 470.3 51.3 500.5
2011_000491 0.636 143.2 122.4 484.7 263.8
2011_000629 0.035 -14.0 86.2 375.7 459.7
2011_000641 0.998 12.3 109.7 482.6 226.5
2011_000646 0.023 300.6 126.0 471.7 164.1
2011_000646 0.012 264.6 124.0 342.0 160.8
2011_000698 0.372 156.8 64.6 329.5 169.9
2011_000698 0.159 79.8 41.7 458.2 205.9
2011_000815 0.095 23.6 14.4 502.1 353.9
2011_001001 0.044 18.6 21.6 488.7 316.5
2011_001010 0.030 -0.8 145.4 51.1 182.8
2011_001097 0.205 11.1 103.7 482.2 237.0
2011_001097 0.011 77.0 160.4 466.6 227.4
2011_001139 0.013 33.8 151.4 491.8 258.5
2011_001163 0.880 15.4 48.4 475.8 225.2
2011_001163 0.025 60.4 155.2 449.7 229.9
2011_001163 0.013 296.5 151.9 479.7 225.1
2011_001238 0.020 78.0 17.9 447.1 309.4
2011_001286 0.152 38.5 92.5 213.2 135.8
2011_001354 0.965 103.1 88.1 363.0 245.3
2011_001357 0.718 -1.1 84.3 495.5 192.5
2011_001537 0.373 108.7 132.6 418.9 209.4
2011_001572 0.987 -3.0 10.6 459.1 303.4
2011_001572 0.026 5.0 172.5 104.2 218.0
2011_001616 0.987 85.7 124.0 404.7 202.4
2011_001652 0.112 11.4 279.5 80.2 352.1
2011_001673 0.012 170.1 263.8 220.9 281.2
2011_001733 0.848 187.4 36.7 381.5 106.6
2011_001764 0.217 2.9 55.9 468.1 241.5
2011_001810 0.966 13.2 135.0 489.5 294.1
2011_001920 0.022 105.0 22.6 172.5 92.2
2011_001922 0.381 4.1 102.3 478.8 213.9
2011_001928 0.595 26.5 7.3 447.7 296.3
2011_001928 0.018 56.2 183.8 482.4 317.4
2011_001928 0.012 -13.3 121.7 189.3 206.5
2011_001928 0.011 56.5 6.0 345.9 186.7
2011_001991 0.944 161.3 99.3 491.5 199.6
2011_001991 0.256 23.7 105.6 199.9 171.5
2011_002046 0.016 368.9 138.6 439.8 201.1
2011_002111 0.328 150.9 150.4 352.8 219.2
2011_002144 0.011 139.8 266.1 200.8 300.3
2011_002148 0.996 35.1 90.9 455.9 258.6
2011_002251 0.012 105.1 106.6 385.9 331.5
2011_002253 0.013 295.4 250.3 415.3 336.5
2011_002341 0.121 43.1 117.5 478.4 267.0
2011_002394 0.814 41.2 112.9 496.5 320.7
2011_002420 0.460 24.6 118.5 476.6 340.7
2011_002461 0.301 95.7 150.9 437.1 243.1
2011_002492 0.022 19.4 13.3 365.2 500.5
2011_002585 0.154 4.0 51.8 485.2 230.2
2011_002650 0.499 138.3 102.8 346.8 241.7
2011_002650 0.038 138.0 116.1 242.4 168.0
2011_002650 0.019 133.1 165.7 229.4 234.2
2011_002650 0.016 255.8 192.5 333.2 244.3
2011_002650 0.010 132.1 144.5 218.9 205.9
2011_002664 0.069 9.1 110.7 322.9 369.1
2011_002664 0.015 87.4 128.6 303.3 265.3
2011_002775 0.034 1.0 21.2 499.1 345.6
2011_002782 0.014 146.5 12.4 279.1 192.4
2011_002872 0.019 20.8 53.2 495.1 264.8
2011_002920 0.407 162.4 174.1 503.7 297.8
2011_002920 0.303 381.2 205.9 504.6 277.2
2011_002920 0.015 15.3 225.3 155.1 280.5
2011_002974 0.627 34.2 78.3 486.1 266.5
2011_003010 0.094 259.3 81.5 491.2 248.1
2011_003010 0.016 60.3 80.0 432.6 240.9
2011_003073 0.016 0.4 146.9 361.1 352.3
2011_003109 0.085 -6.8 97.7 333.8 172.6
2011_003109 0.031 176.3 125.7 253.4 184.7
2011_003109 0.019 74.0 113.5 243.5 184.6
2011_003109 0.015 27.2 103.4 470.8 231.2
2011_003109 0.014 103.1 145.9 248.7 187.4
2011_003109 0.014 116.3 114.9 270.0 159.8
2011_003109 0.012 66.1 118.7 416.8 187.5
2011_003132 0.704 92.4 63.2 487.0 306.4
2011_003223 0.016 -8.5 133.3 335.4 276.8
2011_003274 0.021 -3.8 1.4 382.3 221.9
